6374
11935
5524
4759
14968
7833
14611
9708
10194
420
5599
7074
15407
8102
6611
3029
67
12459
9392
2975
1769
7831
3476
11054
11596
14453
12998
9801
6547
14226
7830
13930
8155
3636
11673
6694
771
13236
7243
2546
3757
5610
9225
5937
11137
1547
5640
13949
10866
2894
3339
6725
15105
7141
7512
13129
13467
6854
395
7868
13204
2672
8737
12507
229
6953
10824
7826
12612
10482
740
9904
2718
5448
5762
4520
3984
10497
6557
216
10429
4585
4856
10310
12514
10610
10176
8472
12529
5581
13423
3819
10459
9616
3738
9992
15247
4548
2725
6956
2282
274
944
8359
11082
5933
10437
12532
1202
9009
9706
3968
6092
3295
13678
11465
6563
10069
13816
808
790
8260
1586
12285
13187
13076
3478
10891
14177
4324
8702
4346
352
8080
11152
14073
11779
715
15574
7528
8694
6081
13376
9517
8265
10729
11547
12883
1124
12095
9328
13309
1136
7898
7411
110
9502
14811
524
7420
11241
5107
15618
7164
6508
3782
9899
709
9208
7432
5295
4458
12659
8289
222
9254
13960
12461
12719
15029
1928
15117
11582
3949
553
5391
964
2208
5037
9455
374
2868
2629
5918
2748
8782
7579
6958
3433
1423
5890
723
13390
12597
4859
10192
3535
14342
1799
883
8593
8088
12543
8887
2003
4661
240
9018
8035
15589
2380
8949
14283
993
14523
7026
1434
10951
227
13349
2826
8042
8507
9356
11569
4085
14677
8214
12067
4097
4404
14323
1125
14654
13913
14507
1911
10315
11590
490
3210
12655
2347
15501
1497
1463
5459
1582
2220
4938
13002
9402
268
1385
3256
7459
895
6860
3329
11856
14563
3839
619
14580
11609
11003
10053
7581
2994
7731
907
11676
3034
3217
7373
2663
13035
4889
7590
2452
11363
8736
12815
10688
2639
12216
6905
11877
9488
1426
1233
13036
12512
5121
4931
9016
8630
15237
14718
6545
12233
11712
12946
1416
3477
6313
7049
4373
14796
13829
3584
4732
10140
9905
10731
7457
3481
11243
12636
1727
6794
14302
11740
1450
14852
13876
11038
1062
3189
6117
13382
6076
4491
8512
7131
7997
10520
1926
10881
1559
1568
8345
2967
13386
3270
6095
4547
14253
13588
11652
542
8190
14194
8151
11155
9628
3156
162
8415
12287
4129
5175
3484
15240
10710
245
7564
6681
11021
7583
1575
11717
8384
5426
8554
3637
2069
9560
11598
499
12913
4343
5974
9862
12120
2896
1067
15628
9796
6210
13444
10827
8845
1272
3510
14193
3912
1808
2020
15615
5898
9235
4997
12553
4238
13112
3828
3551
2168
2348
2520
12955
7601
1408
7318
1232
8331
11866
6658
7580
8790
10927
14798
3397
10724
3605
5017
9610
11824
15418
12882
6595
2971
10272
13481
12315
7204
9563
8848
7463
6802
12345
13624
398
8417
11960
7007
5142
3830
2312
13555
10015
13670
8780
15508
9436
9237
14089
1253
10532
5181
1562
12499
10168
6475
6597
12086
5422
6593
7904
699
14681
6446
3693
2643
14895
7156
7511
3835
8090
3749
8624
15301
2
9672
13486
11092
6705
10224
3193
15273
5988
5306
14094
5962
13044
6175
9520
679
6576
10061
11785
7907
11306
10247
10885
3625
5911
3486
727
15184
13593
15254
5137
10052
1824
11239
7484
3901
11342
4946
7594
4477
2732
5864
8725
14400
5965
1260
1972
8109
6089
107
1898
12141
1008
1501
14121
9010
4184
5913
7922
10848
9044
5696
15189
13664
9342
1626
5033
13629
15310
5332
10665
14439
15592
11929
2707
11572
14606
11695
8476
6684
7620
8437
7348
4497
5372
10477
977
10889
11591
10979
11515
1598
9896
5110
2548
6262
4236
1973
2106
3383
6581
135
5415
2756
9820
7905
13998
12077
12613
12714
7278
5724
3641
4620
1283
4044
13217
9058
14050
15531
1007
271
9944
7624
12559
6344
10685
10612
9119
12519
5423
6767
7104
13783
9652
742
6628
10689
4241
10148
255
8891
6437
2261
3245
520
6785
4591
7165
6740
5818
9989
236
1469
13448
3312
6376
5318
12380
788
5883
651
14419
8421
6384
172
6765
9041
2230
1903
10782
13550
9991
12253
3002
3288
6629
5302
1024
7363
5746
10886
10706
13190
1424
11281
11593
10699
11950
8366
1186
8801
2179
7982
1493
7937
7843
13521
10705
338
12833
4884
13113
2698
11047
11914
4535
9315
13499
8538
11508
7324
6499
8773
6285
12748
10368
11947
11645
1879
4636
13598
11723
14202
6331
7273
1472
3734
14354
8619
12277
10010
8968
10620
10936
14532
4915
9767
6689
10360
12057
10904
3639
8712
8672
7414
10553
7015
12248
1992
2447
3750
8405
1878
14995
14188
15442
7760
4988
11115
15182
12245
9489
6896
11219
858
3666
6967
5114
566
2324
8420
8001
10234
6534
1560
4406
4334
10221
2326
1945
3692
2463
8147
6606
13156
15191
1803
12436
3011
15340
3594
14515
7764
10116
3302
7971
10407
10462
7030
2861
12857
1079
15472
320
8200
409
6305
3808
3868
15514
8574
13219
13846
9853
2194
847
11358
2665
3123
4418
15109
8015
8563
14051
14666
7320
12619
76
6176
7181
4188
4103
9738
4690
9743
8058
2590
5462
6036
6246
5380
12312
13812
1532
13257
11187
4397
12449
13723
12705
1204
4639
7019
15344
15575
812
10596
14864
12320
1015
5331
10353
13986
6346
11976
6168
3851
8916
12190
10278
13163
9312
1321
5989
4227
4730
13566
11134
12406
1068
9035
4234
7710
12338
13540
11864
9243
2296
5565
11629
9469
3250
3069
2653
2339
11160
12397
102
12600
707
14029
10138
7475
7338
11247
9974
6345
1513
12399
7323
5172
11489
6554
5201
15360
7574
3248
2004
5460
5830
1648
2593
7514
1222
1814
2033
13402
4717
4760
5520
14464
12122
1871
9818
10606
3098
1629
10852
283
8954
11721
9748
8414
1623
15443
513
13186
11297
14716
12633
3753
11527
3497
3298
12592
12803
6159
78
7927
1206
4487
1844
862
13996
9408
4881
5839
3888
2494
3621
1555
2237
10237
8578
6726
12567
7808
9386
10243
1716
4409
1850
6807
13288
763
12933
8933
4309
14585
10120
180
10536
3924
7622
8914
11174
11794
12266
2141
5349
1488
153
11139
5164
27
9343
9304
15438
5857
15375
8872
2387
8219
11114
12940
1028
12728
11173
6070
1267
10747
8075
15617
10982
7572
11808
9435
2694
1476
136
14164
10999
12621
2634
5939
14960
9121
8424
8141
9954
10755
5782
8516
10801
3230
5308
12992
717
2365
6952
12651
3314
10154
7642
11309
2214
3037
2026
9037
12945
2969
8931
2484
7211
15550
2157
2372
2786
13462
9928
7501
13979
2564
9525
12360
10393
11253
15179
1190
5230
14996
10981
9935
9577
11818
7994
10741
1271
14318
3681
297
13265
13178
642
5102
8269
11009
8625
1588
6182
13630
4841
805
8254
2855
2034
14279
12922
3102
6037
15619
3287
1269
12475
11091
7966
7489
14696
12136
14286
10555
15341
10721
8145
13660
13897
10226
7458
5786
10968
3741
2437
3844
7430
1620
3060
4414
2781
7098
3336
4665
13612
3624
7532
5574
13935
11588
15127
5272
11566
5711
12362
1351
2552
114
9669
7655
11345
13391
1061
12027
11540
9107
12526
6578
7383
1276
10170
8238
7451
5027
5771
14527
2589
1025
11256
11117
2327
2848
12905
5289
5141
11121
8979
14397
3023
10383
10623
6666
9683
13442
1211
5838
6793
12453
1135
9368
9151
7587
4966
9349
10086
13952
8577
2044
241
11749
13159
5354
3885
8939
8051
2002
10132
10670
13653
1899
2013
2362
929
12438
15197
3921
1550
14116
11176
3207
5268
13206
6582
8305
11018
15496
13523
1712
14812
13926
15548
2321
6103
10309
8918
2616
10878
539
1993
4910
8362
8679
14430
6789
5799
11778
12389
12520
9242
557
2027
1458
1671
10300
14020
9004
3850
6097
6476
4714
14432
6061
6144
7668
12107
15580
12431
4181
1933
8400
14823
13693
9032
3515
11989
4352
1051
540
140
15545
12538
8671
1331
13380
15330
7582
9571
5419
8589
6924
8833
8494
10298
11614
13851
6955
14537
10189
8182
7143
4559
11647
14569
5057
10932
10998
9189
9105
3833
12762
15229
52
2216
8668
10327
13202
5688
10609
14355
1689
8207
4421
10674
6186
5549
14610
6260
4092
2198
12116
3945
10673
7723
11461
7134
4483
1552
8143
7310
7291
5091
13132
9320
4063
2613
6984
14186
292
7038
775
10677
15195
9417
11274
3467
7399
8806
11312
7011
5513
11065
11050
10446
4756
12562
4326
9793
7893
4604
5335
3890
6651
11384
3342
8857
9126
13031
1514
9832
10691
11936
8007
12980
2940
12225
13212
86
7100
2147
10847
15600
2012
10276
14440
835
14925
3018
6416
7092
15579
15185
15414
14792
11314
1451
10378
11273
9938
9420
2466
3127
3056
12319
13800
7603
10301
8616
9688
3733
11641
13572
3721
14598
15080
3337
13756
9000
2913
1900
5570
7968
5461
2823
1684
1976
8034
310
1239
14443
9997
8060
866
14553
5362
14114
15000
12128
4229
5569
12704
5147
1787
2986
10748
15623
2525
9022
12637
2680
12194
7050
357
187
14773
3410
1046
14076
15366
10379
11674
8295
11535
1473
6788
5624
12892
10231
4203
14987
9866
13087
1673
12881
9575
5798
7217
3896
7040
8681
1837
13501
10367
8639
6125
7279
13401
6332
3212
10049
13143
10740
11715
9867
1386
5575
9462
8590
5915
4996
193
3548
5082
12167
122
13892
9857
7647
14061
1088
2483
14767
12060
4126
3306
7166
10228
14593
4707
7101
8460
3489
6470
1185
9266
12036
3981
15558
13480
8078
10700
4795
4693
3028
9116
2045
7103
10474
14178
3183
4219
2481
3065
4650
8977
230
9649
11313
6831
941
19
15632
3743
1521
3583
6542
3459
7913
408
12445
11401
11769
3361
10274
2414
9272
3513
3991
10400
6599
6893
11067
4182
9111
6141
8012
1246
2277
6479
327
10725
11839
10155
15286
3390
14068
6439
10972
1854
14252
4511
1081
9750
12682
5466
9541
7070
2161
3317
7023
8861
4413
14710
13916
5465
9804
13746
811
12093
11696
7242
12885
6247
4720
3131
3509
8710
206
2089
12304
4888
6911
8100
8779
13061
9633
9348
8103
2304
14388
875
6814
9036
5848
5712
9673
834
2107
1177
10217
9431
4160
3062
1957
12817
11671
2659
5654
2359
13262
12267
3135
14516
7599
13317
9996
7578
14389
4664
12228
13339
9340
7308
5407
896
5431
4958
5741
13702
11703
13088
10034
13720
35
7474
10026
9685
7153
13579
4275
6815
3699
10859
14237
6616
3520
4704
13844
6654
6202
15208
11968
3153
15444
8837
4790
502
8777
8431
5751
14541
75
8365
7190
10909
6811
6477
11072
14126
15597
11852
9754
10097
8318
9848
4212
15101
5040
6843
15412
10958
8605
7936
12854
2137
4262
8033
15606
14408
6178
13042
5816
14395
7288
3708
10321
13914
5824
7239
10260
1812
7619
4105
14640
8223
5039
9831
836
1995
11397
13699
8654
12544
2213
5260
6022
6555
13733
2755
5054
14085
3350
8428
8542
10639
9621
3395
7449
8559
12781
13807
10266
10815
13465
641
11924
11488
2778
15041
519
1556
2596
7072
12417
2797
12577
688
15292
6639
8164
11300
558
12367
11752
2338
10780
11502
7523
2404
15206
777
6631
5521
11887
15023
4527
7886
7110
689
92
1108
10102
14484
8430
13146
3326
3176
3710
12432
3432
174
14709
8373
5981
5656
6697
15290
2561
9393
11649
4155
14499
2806
2553
8778
291
1076
15138
8892
13777
14033
2771
12482
4479
13765
5149
6641
15528
6787
7392
369
1208
13416
6298
145
6218
15413
13213
4844
11967
8201
1367
7844
1237
11323
12022
13474
15393
12680
7631
15595
879
13281
4395
1564
13956
10281
6747
4442
13788
3563
3274
14356
2578
9875
1627
8049
15342
5740
12346
9500
6318
9547
5329
14367
14828
156
10566
9442
5287
13879
3047
5766
186
7636
9432
11039
381
1164
6435
15277
11834
15522
3766
4172
9028
15224
3514
8163
12927
12821
13745
15422
4357
7391
12256
1952
11922
682
10136
43
2050
3871
7044
1371
224
10351
11127
3492
5800
6608
15309
12170
13094
13032
3381
7663
8125
13972
8952
2014
2249
7125
1987
11089
8406
5499
12446
14526
13618
11880
7864
578
851
5636
3165
7179
5300
15440
99
12119
11221
13314
7056
12720
13600
12210
10472
6164
6290
4572
549
10492
8802
14922
9658
5596
13811
9211
6660
5013
8898
4862
13546
8617
8836
1358
69
3982
5509
1937
7419
10690
6585
3709
7154
10401
2974
9259
2064
12139
9045
13370
1398
10805
15537
7359
10694
11828
2517
9085
9705
15347
11913
11937
4633
2518
3149
15233
6622
2693
9830
10453
4464
14637
14583
14762
2695
10898
9625
9514
9727
1947
7486
484
5170
13744
7879
5023
829
12289
1340
4557
15567
7806
1657
3117
7327
6598
14256
2721
4932
2133
13016
5734
1484
7461
8378
11181
434
5373
2121
13192
15097
4682
5375
7355
12997
11999
5666
2690
6194
14316
11017
13080
1742
7214
8922
5271
7477
2130
1023
5585
10376
7152
3140
9180
2724
7480
3823
4949
1852
1523
13672
5738
7099
8176
5961
6529
7018
13689
13530
11442
2743
11716
14687
3706
3487
11604
2398
1495
6025
9144
13965
13695
562
1784
6380
11016
4367
4613
918
14521
970
15110
5011
3396
9160
13560
14822
3378
9414
12864
4032
8463
9879
9941
9564
11725
3697
11628
443
5417
10080
11469
10164
5009
13229
1464
15169
10458
15119
3680
9468
5273
12311
686
6356
157
3076
1723
12886
817
488
4891
13784
448
13301
11414
45
6127
5695
1959
9372
1658
13527
10953
5671
3003
8422
3990
3579
8663
4320
14940
10776
6009
8906
14224
3044
4526
14799
3322
9925
3041
4810
10586
7108
15587
10876
10114
13008
6466
3424
10762
517
5889
2309
11402
5788
1339
6682
12939
8839
5250
14426
9060
6915
5479
13130
12302
2449
2490
6429
13907
11024
113
9423
13518
10651
13537
1127
15445
12541
8893
11311
13906
10865
294
4249
1121
14091
12754
20
13361
1248
3273
10875
14945
8005
10216
7758
5081
7970
9810
8835
672
3730
14404
6288
11225
8822
8903
4768
5265
5502
1364
10661
12396
6010
8506
2948
15453
6899
9184
5643
1442
955
7673
13869
13240
3436
5667
3071
7728
4551
9841
14345
2077
6587
4388
3015
5789
7774
6003
4684
14149
9108
9671
3494
13592
12644
14688
15062
2892
351
9958
5315
3330
2392
6803
9470
4356
13950
11468
5455
3630
11154
1708
8622
2337
793
3659
1338
2936
15152
9871
3545
9913
8815
12721
1519
8412
4637
9093
3293
8403
6158
1287
12321
13931
11424
13106
7123
13786
6548
5187
9590
9860
2478
12450
11849
7980
9845
12145
647
12580
4747
7247
13707
13610
10874
3187
10624
11731
5935
12661
13315
4083
2224
2664
14753
2943
12870
10366
5427
9615
10949
4965
11809
645
10684
4733
1444
11249
13836
776
10109
2934
2941
14334
4149
2750
13556
37
4158
3261
2355
11759
6797
13649
14278
14305
6043
5245
6596
6082
4813
951
9756
8722
14664
6796
11655
11987
4829
6185
13406
3747
496
14346
13866
1724
11166
8166
4281
1951
13400
8272
10560
5307
10592
4734
5270
3081
11764
11680
5154
13507
14630
1804
11643
14759
6790
4809
7035
23
5529
13045
4745
622
2895
14096
7553
7335
8492
9232
13157
3502
3524
14015
12198
7
109
14721
6091
4205
582
2516
10511
7248
1060
12042
4481
9311
15122
14882
2655
14956
9711
7876
10380
3683
11141
5378
15332
10322
11579
11851
12000
6976
7283
10524
4190
11061
15585
2716
13568
9902
9623
7682
4027
7453
6928
1700
9191
85
1262
7730
10528
13185
6643
12807
1516
11258
8612
8387
1511
6610
8369
15210
15455
8124
12874
14471
5019
3915
5089
2152
4363
1734
12547
3905
1161
15461
9583
10617
10447
4368
2030
11012
8193
2760
10826
12481
1630
14830
831
2507
2248
12008
13180
321
5481
3956
3493
10111
9333
2146
2570
4755
4230
4233
13789
5982
13014
4900
11149
2209
6872
15546
10796
9129
2083
7422
6709
3933
14468
15613
7837
13381
1643
8409
5145
2671
10021
9437
11364
13999
14158
887
15170
9523
10760
14195
10983
4460
1381
5061
7748
133
453
4476
12805
13483
7394
13447
10345
14777
5035
774
8936
9492
1404
11045
2779
4004
418
5138
2606
13967
5266
14789
5873
5157
295
6038
8529
12954
3986
8910
13246
705
8386
674
11534
10693
10293
9142
1797
13169
12401
11096
3860
14793
9870
2890
9394
3707
8531
6603
10317
489
14623
10800
5495
5371
1907
15133
7592
15039
2075
9476
8718
1301
12776
10183
9007
6921
14189
11512
8814
4257
677
12303
3523
7142
2521
4617
9933
3930
2011
9956
333
2189
6340
13944
3763
6114
10318
7686
7358
13419
6093
3726
3806
4651
12305
9024
13122
4879
1940
14919
15518
794
14862
8257
15201
11910
9701
7041
14973
5754
1811
1325
2842
3257
15313
5041
191
11051
6836
10709
15196
4713
14628
530
12587
5001
809
12332
5264
10546
4183
4402
7604
14254
1049
1892
3942
6337
10584
13528
9538
15552
332
5721
7593
4469
633
3125
2818
11969
10413
8834
14707
8587
14136
2992
4380
2794
1502
1489
14435
14911
4542
5683
3820
9441
9647
8719
14624
7322
9714
5049
8653
1319
972
7013
13131
5541
10465
14820
12787
6157
13795
821
3269
14032
3423
6779
4796
7053
5195
8947
7790
3676
3092
6674
4643
14420
6330
2420
7588
1617
3347
4778
14102
14991
8713
4980
5558
2620
4069
9253
8466
5884
12589
1372
11763
1736
316
947
11063
6754
9937
8526
5934
3686
9776
3689
9099
10241
9884
10803
5348
13171
14280
6442
9917
11704
3068
10884
6867
2875
8575
8328
9240
13397
10980
7801
15190
1183
15404
11177
773
5333
15490
4093
9080
7551
10006
14184
2217
14496
5192
5429
13864
9984
13539
5983
10543
9027
4571
10420
15512
4555
14557
10382
7757
11570
2238
11240
2789
2250
14097
11426
11601
4240
7201
4653
2605
13004
8880
14173
8071
3634
7304
13923
14605
3304
8948
11653
975
531
12755
3005
9570
8233
296
11766
389
5530
15278
14095
12176
1578
11417
8896
385
14836
14725
1934
14024
8029
15624
12491
1764
1595
14906
12960
7828
5338
12708
11194
1281
7084
404
13494
14488
2464
8533
13647
12335
12437
14456
339
9878
14907
4482
12837
14894
7385
12620
9823
11484
4843
13725
2744
5744
13575
2831
14452
6054
15515
5566
11168
12231
14109
6514
10041
12982
3451
10567
15542
11954
1998
5374
1694
12385
13205
11250
2313
9475
1986
8989
8052
3805
11726
12565
4180
6136
14959
2649
10209
7701
2752
12829
3042
4514
10917
232
1478
3543
12384
2023
8660
12978
12433
11921
13853
10286
15554
6142
8326
3843
8520
510
9656
7301
945
425
5211
8059
10193
4068
6784
3079
15225
11811
8525
2617
3898
12953
11434
8818
953
6774
15564
7812
1059
15050
2163
1683
11787
14554
6602
8347
2070
15556
9827
7396
6055
6594
3352
11310
2424
11668
1454
4152
118
8030
6559
12695
9419
9653
12949
5109
9646
9728
14153
523
5899
6407
13420
11592
4430
4646
4515
13318
10627
4811
13564
8677
14154
4473
13571
6852
1031
4222
1303
4978
8604
1383
4271
1086
11636
1346
4344
7028
11262
5804
7766
1731
4805
14764
15148
14638
8934
8293
10868
4298
4304
2039
12690
15130
6645
6184
5364
8783
13741
7097
10569
10232
12777
4419
2912
49
3220
693
10167
9731
6586
3420
2513
7805
14769
10507
1147
4729
12943
2979
10460
14669
12240
1859
306
5328
7909
11899
14651
2174
8394
14415
9952
3704
2777
11430
984
2434
5125
3970
12497
54
1270
10017
4014
14949
15221
8592
79
6460
3472
1901
7159
1765
13969
3335
6302
8759
13971
12156
11853
2438
8730
1143
9100
755
5539
12545
121
10498
4496
12591
14403
10054
6511
15089
11729
7257
8869
11001
168
8992
10273
8609
9400
2057
376
12073
12962
12617
325
11625
778
10512
6627
15027
10550
9554
2274
1698
12004
2127
6238
11098
8070
12140
13731
6753
1263
9686
5836
7229
547
7529
11810
367
6206
5834
8240
2804
12470
2485
5882
13712
6613
844
11784
8361
13843
5384
14930
7497
249
4354
8217
12827
14229
7496
3955
9948
860
14775
12041
8215
203
624
5777
4372
13438
8232
384
11537
2866
792
7872
14266
15474
14738
10178
12727
2210
13268
5716
3652
11440
14152
7626
936
8556
9367
5720
5598
40
13452
6255
6086
2071
5931
10901
14957
13433
13075
10246
14974
2921
11900
13183
7455
6239
7819
8767
13006
9005
3202
6414
11257
2739
11078
8475
13000
3205
14427
13408
13673
13348
10765
670
11509
10253
13321
15075
12469
3268
4587
7630
12351
10638
13877
13272
5764
5267
13245
13284
10692
4560
13606
1191
1066
9113
2658
8091
1941
3838
7702
4727
1216
6970
5856
3877
12003
14142
13461
12983
11097
1609
3285
13859
12894
7845
14478
5342
11333
397
15320
6515
10533
1873
10422
800
1249
9611
8073
7251
1492
6504
15598
15187
12421
3398
2496
9221
1771
13658
8734
7530
8389
6531
7479
8867
12722
7384
11183
5144
7815
5693
15409
11053
10962
11768
14480
9336
6171
9663
4010
2254
3216
13389
11568
9555
11284
14860
5929
6962
8226
7659
6780
6326
11276
13909
14552
2431
3660
46
12173
4731
9302
985
1355
1906
1885
15536
8788
6901
1278
6762
12407
10284
1744
1116
6483
8350
10911
7883
9250
3939
1379
5507
1018
13781
6293
1910
14829
3842
11178
710
12106
10386
2872
8230
1853
3444
5968
12501
6336
2811
7109
6422
8402
8651
12950
8474
13683
12154
8849
3886
1634
10987
6443
7654
13959
1261
11378
7814
11523
8243
9418
12465
9357
10751
11030
5954
7452
14522
6662
11125
5050
13244
10199
15599
9123
3596
10494
3840
3950
5722
3559
12903
3895
7130
11236
6777
9886
7627
2143
11055
6297
1531
3815
1944
2165
13870
10011
9745
3643
6607
9670
13729
7388
8329
6007
13394
13167
6236
4287
12907
13010
1403
13817
14854
3562
6004
6453
9769
5249
11658
7614
2722
13881
8050
4597
13377
6621
9980
10952
11058
6498
7535
5675
1530
4738
6375
10786
6812
15383
7444
1800
9746
8249
6491
8202
2977
15167
10537
12359
9331
13609
1392
6034
9698
73
7031
6539
9260
9019
6463
11193
4037
7611
11915
9588
13651
8860
10873
2902
14155
7562
13734
88
1013
8000
1150
5992
14236
8220
2037
5553
2788
11687
3384
11587
11829
2899
5191
11786
8439
684
1781
14621
6458
9390
3902
14359
15009
10549
5325
8211
256
4801
6028
518
13760
10715
8856
14923
11524
5853
15359
12809
6368
12745
10128
10764
1405
6353
4202
7126
13425
4673
13020
10451
14977
13563
3547
9676
2746
10222
3469
3879
14214
6341
11931
12795
11708
925
10095
2425
13134
6820
8599
5692
12368
15144
554
8372
2647
15425
7829
4351
10837
7500
12390
15346
6609
3162
159
9153
9674
11022
8774
2594
7835
11351
13519
10739
8503
3209
12293
10292
935
9816
14979
3084
13558
7289
3640
7336
8283
10032
13471
5742
14291
2766
6075
4084
9733
938
13982
1299
12193
14814
5709
3716
14245
721
6923
3993
10003
14729
8749
13472
13385
11244
6096
7136
8338
4339
15003
1148
596
11033
10954
10769
8661
6704
7191
10399
5239
1285
7161
9078
13791
3941
12409
6286
13161
8927
10530
3620
3437
1273
13597
12426
14008
12083
7892
15590
4486
1004
9700
62
4308
704
8062
1418
6713
8732
5881
10249
15303
12884
6016
115
4437
231
2397
7149
1311
2142
5185
3033
10341
126
15494
12873
13713
10058
6145
7661
459
13778
4834
12326
12629
5510
3570
5605
7858
4962
3642
13485
15203
12314
13779
9081
14668
9986
6721
7378
4467
1057
14555
5439
8128
11518
10440
9589
1606
10442
10261
8245
5469
871
6571
5870
12058
4282
2418
4104
355
10531
15054
2547
2717
10038
4724
3845
14506
10475
10579
2539
7674
10078
4111
13412
4692
3039
3142
6879
6419
13123
9978
10714
8742
2489
13160
11085
9609
3937
11730
11581
9168
13424
2031
15092
4936
13898
7240
5309
13107
2407
942
5076
4475
5116
14947
9049
5067
182
1180
8244
13751
7842
14831
10255
3927
5914
958
12097
170
11788
485
5402
4593
10605
4852
15447
12442
13011
8544
4392
2702
2962
15510
4603
3556
10055
13584
10793
9064
14205
3109
3468
4657
12153
4417
14100
5647
2102
10663
15298
12683
6445
1029
7022
14492
7813
1509
3864
537
15294
11006
10042
14641
11344
13589
9605
14027
3799
8752
8757
9171
8828
12048
4139
13299
6230
7704
8086
3341
850
8776
14261
2382
7235
12818
13259
5186
10813
13091
7233
5395
2911
2615
3664
3083
1356
11015
481
5728
1628
2683
9227
12341
5052
13476
1795
3363
13551
11589
4331
130
8568
5430
104
5277
10798
2636
3601
6816
3751
5293
11408
10125
4445
10792
12645
13121
3861
14643
10496
1017
2633
10836
2114
3679
14661
5978
14986
11208
3332
15219
14187
8092
12284
7834
1990
12220
2501
11354
10288
10759
4169
6311
13037
14476
12588
1999
12783
2080
7017
2703
13981
3154
9920
1126
9803
4918
9934
9721
7090
10644
3800
4022
8480
932
6188
5561
9258
1816
14296
5197
12157
3827
11519
12730
12185
2897
2231
5060
2529
6650
7073
14454
10425
9800
5312
11161
899
3992
989
8541
12413
687
4911
5655
1520
7741
11840
4284
8950
12584
9593
7314
10966
7941
2207
4698
748
12012
14037
12713
11578
13774
15214
5438
3019
691
10133
14883
11984
2993
480
3305
5440
3026
14867
15248
4977
7267
11650
8273
5940
5296
9359
11800
5058
8390
15547
1548
14111
9603
9325
14944
6706
14023
7849
8753
11110
8275
12118
5865
9186
1893
3038
11859
12816
14232
6225
3944
13503
4412
2961
13350
15275
11156
7856
1209
8985
4244
11197
11843
7928
15211
177
1014
10869
9667
12560
15019
6738
6937
8499
4701
7415
5161
9317
4394
5169
3691
13692
5893
5757
2904
9143
8477
1153
10074
10682
4399
12087
6250
6339
15391
15007
9094
6349
12263
3371
6844
14056
3112
9170
8252
2047
1616
10045
2510
7186
2834
5573
4021
28
1782
10198
8019
4498
6861
13918
1701
8692
3581
4178
1178
2622
3900
10629
676
10354
8772
2531
1176
11291
10515
11337
8760
8824
13697
5795
13604
6478
14849
11232
11283
1846
12952
2138
7127
14880
13165
1446
9594
4330
9873
14016
14672
1347
12477
11736
5562
14951
2898
4674
14998
10855
5589
7395
4629
8108
11492
6300
12571
12111
11433
4622
8307
4634
2579
3657
15163
15059
11369
10613
12138
6941
3415
12464
8738
14092
8278
2334
1640
14754
7793
1719
11400
2227
2181
6317
4151
8294
10899
2862
14045
10391
13182
9946
11681
1805
215
10812
15488
15392
2081
9699
2749
14700
9929
12110
8794
11996
7063
7277
12800
4163
11292
8379
14865
4360
4821
859
9768
10607
3530
1309
5608
3916
2745
7258
767
11222
15483
7824
7555
6528
650
6389
9293
2442
9391
9923
4121
5101
15379
6904
80
692
10641
11869
11029
15305
4090
3822
10037
12822
9558
11885
11735
9277
10991
279
7962
7691
10001
11767
11916
164
10100
7998
2858
10127
1715
10145
4937
5347
11450
10004
5030
7776
11464
8825
13396
13681
12911
14376
2140
9127
10012
5645
3137
3283
2819
724
7001
10956
9314
2046
3527
15194
10840
8397
3182
12775
7425
3644
7020
6032
6259
4170
13894
6851
4109
14758
3344
1558
7250
14937
4833
706
3480
4201
7615
2676
12015
7649
4052
5199
14794
154
6841
9052
4220
7004
7736
14797
2584
4545
3914
3964
7778
1421
15209
12035
9689
14863
8549
2747
14697
3303
1429
10350
13625
2240
2125
1845
10630
10562
4336
13071
13018
10643
7236
6190
4625
11048
9075
2436
10872
4031
2477
1996
6484
11392
9883
11167
2172
14431
10713
426
5550
198
6213
13477
2591
7311
8793
15582
11382
6058
14567
3027
5031
616
8803
12451
8755
6680
13831
15168
8784
14338
10211
745
4443
9955
6282
2225
11842
8281
9595
13255
7488
14539
1759
14022
7292
4410
12292
10810
7761
7685
9600
965
15534
7705
5669
11603
13335
10056
6115
2343
6304
2981
7441
6314
7759
5979
6404
6773
1022
5043
10229
11835
2245
350
14653
12487
12919
6391
3922
8139
9132
2419
6637
11738
2982
11456
2176
9586
3651
639
12505
10658
7270
13834
11892
13437
13027
14561
11332
7716
3814
14591
12365
5278
10648
11697
1419
7005
11327
5122
6153
353
3296
14043
12232
1123
2673
8562
6808
13833
14850
14564
8877
12043
10797
4725
3809
167
12568
843
10636
6739
3111
7662
8469
12623
14321
14285
11419
10631
12052
4501
8413
13743
2800
14714
5638
3318
6401
13103
3058
10073
13547
7995
8852
9401
9543
4970
10863
14139
980
5679
14887
4871
68
626
9369
14447
5369
3445
12726
2886
5904
3948
14848
657
13868
1129
11010
8216
13796
13685
807
1026
7410
11293
3032
5604
12851
9548
14978
2445
863
9195
11705
2827
11271
5922
8690
4595
894
14210
6866
13951
211
6233
4882
3503
10230
5084
13888
1227
13973
802
1033
175
3996
8334
4872
1120
13179
1584
6917
11486
15256
1256
11528
2364
922
5494
11270
6014
15345
11858
3488
1500
4609
11817
7367
5401
11393
2203
4854
12860
703
9231
3935
7507
11754
14260
13677
9557
3505
2006
15077
7329
3881
14166
497
8380
12723
13638
14257
12261
2458
11666
4
455
5664
4116
10144
15036
15205
7196
9527
13984
14724
7788
6212
1037
4963
2415
9301
1858
13209
10940
3946
948
8913
14802
7069
13735
13933
5343
4565
1290
447
5275
1240
14127
1322
10924
7669
8336
6383
4697
11202
12976
6412
702
12836
13567
8098
4455
12197
315
2973
3862
10505
865
8990
14101
9416
12186
11007
8537
3255
13820
13201
13482
8234
15358
8106
15118
14742
4143
7494
15261
8995
8750
4504
13490
9620
1989
7629
1427
5516
5398
15095
15043
3566
14203
2328
13048
14747
12938
4074
14645
6882
3865
334
10753
1334
14584
12419
9951
11890
5900
2019
6006
4719
15529
13360
818
5071
7407
1886
4766
9029
2853
3075
2008
8645
12701
9490
4718
11425
4628
2571
5829
5701
2087
3434
7920
11084
11265
6535
9446
3233
15102
6903
4652
3346
9223
15269
9450
9438
13762
2500
12002
12063
11891
11339
11331
1396
3983
7729
9724
5793
5912
13411
4750
1437
7106
3214
9054
6730
8344
13232
11163
1549
9015
10307
1011
1887
14529
14072
12625
10151
6222
882
5572
3479
9596
4340
3752
3377
1111
10905
5404
6426
11405
340
570
9008
14581
1604
9821
10925
5069
3416
8357
5099
14240
1818
9042
3947
1665
8250
8700
8291
11184
7556
14752
4767
9553
1915
538
9613
6810
9501
8453
12054
9193
787
5018
9766
15090
9053
7078
14271
2873
5814
3987
11850
13175
14148
8323
7779
12160
9385
1913
5368
9912
3975
11107
3186
7694
9353
5518
2544
9837
1234
9835
10634
926
7577
5108
4362
13650
15198
8192
2700
8279
1377
8636
5044
1039
6045
1460
7508
6295
4370
10180
13755
10595
10711
7460
6825
10621
2284
1656
5280
1642
12929
3913
5768
3538
2980
2234
15365
12179
13393
14909
7200
6015
4546
15315
815
13435
5220
4876
9410
14941
6669
3087
7401
7266
11615
10416
1561
6886
6078
6335
7677
13150
3908
6248
4273
2186
13871
5597
3874
8981
2599
6673
3565
6438
9411
12420
9013
7146
8122
13215
4191
6701
15071
5781
991
9338
4382
13153
12930
12021
13581
5282
11093
12932
10339
14665
3454
13709
11575
3345
5651
9964
10896
13312
8416
1104
12325
13305
14783
9764
988
15382
9597
7498
8580
13249
12171
8270
1368
614
4967
15614
14599
8894
6772
12964
9197
6908
8675
3849
11100
13815
11978
1796
5632
1006
14103
4981
10938
278
11905
14675
12853
13627
5819
8943
2032
10067
3103
14881
8941
8919
9283
9844
14663
11289
1829
6652
1406
10986
2188
13149
2997
13617
8203
12006
11396
13554
15220
15464
2199
11612
1815
11026
1633
15479
1572
13072
12201
1064
2182
3188
11275
2185
501
5092
13901
14547
11923
6486
6795
3150
1659
2600
464
5207
5775
10000
13466
2675
14846
8044
5014
10427
4029
1955
2123
4929
1908
588
6856
8177
2944
2696
242
11057
5444
7526
9310
8505
8467
10789
10573
4157
4825
11781
9822
7591
10556
4272
6355
72
10302
7838
5205
12076
14244
12386
10256
2711
4199
13814
15293
15376
7307
3228
10063
9836
1036
10506
1757
7193
5752
13809
6965
8495
10016
5388
13842
5269
2840
6228
9056
117
12697
8079
7800
1585
6809
11663
15021
5209
12204
8726
3880
5244
752
2048
5008
2845
12896
6268
12733
10750
8309
12925
2124
3758
7046
12415
15423
1393
785
4500
13936
3720
13352
14603
8546
10525
2697
9234
10030
1174
629
4492
8435
14010
4581
9062
13341
11659
8823
4702
12328
3043
13028
9399
11356
423
738
8865
4391
3266
8009
12676
12366
2178
12479
5924
6846
9131
10218
11640
8762
13495
2885
13155
10880
14735
4223
10619
4775
1093
8576
9877
12696
11876
1581
5748
2015
5947
10101
14891
11994
14133
3348
2942
478
9444
9762
1477
10356
5442
2470
2604
10939
12549
14332
6699
4426
11553
9638
5475
13328
3522
14518
13449
7517
5387
7060
3194
11267
4605
15048
6912
10858
15295
3746
11383
11103
178
9429
7121
11586
7317
2772
3848
14807
12105
9070
4598
5685
14002
810
2433
8986
9739
5096
10195
2799
11499
8339
14732
5290
10117
5359
10264
290
8991
14733
14926
9532
1711
5133
14003
10023
8134
13958
9856
5969
13759
13662
13687
1200
2512
13652
10888
5811
6516
1831
8745
9318
7683
8498
9164
764
3867
8112
9294
12753
4621
833
1537
14771
2701
10587
14629
8907
9550
2511
9624
15596
12826
10850
12967
6369
7024
9614
734
2903
4902
2503
5198
15061
853
3892
12496
13803
11185
1662
13899
2801
4337
6605
5770
7203
10328
238
8054
8961
1506
8623
15389
11879
3825
14330
13928
4348
2411
5190
9536
9351
3178
10933
13224
9322
6638
4676
5618
12554
6636
7608
9252
4584
10426
3826
994
4366
11482
5672
13773
5389
7228
12282
2139
14647
14524
14292
9602
3727
15040
643
601
10668
8676
1841
12887
1607
15363
4624
9519
2001
6612
4342
6299
12387
9219
5189
14786
10517
7205
15620
1317
2713
3976
3793
1834
1891
4969
2623
7665
7628
5178
10574
13298
586
14760
797
3866
7753
11814
1666
5103
1597
10523
14225
9960
10544
1330
716
12032
5815
8237
6620
14370
15114
4474
7688
6668
2574
13116
13991
3386
10846
5723
11980
6502
12657
6569
10373
3197
11126
13607
766
9128
1946
11646
11287
5299
12574
12846
15047
8655
2215
15207
4573
12137
14284
2166
486
4694
9443
2408
9068
11495
4865
535
7182
1163
11932
509
8652
29
7949
7055
3192
11531
4261
1881
10547
12056
3841
10615
8451
6310
11387
8729
9125
5042
10838
8401
6519
3725
6799
3789
15060
4711
5633
888
13502
13064
14086
2040
14493
9959
14749
1189
3602
6029
6634
4976
13799
5641
4705
7919
9138
15321
884
8446
12143
12343
7175
1361
5877
832
15532
309
5953
13675
15155
3017
11930
6617
15131
8481
4568
15608
8637
521
13968
8518
60
9136
5607
5869
6110
13188
4117
3442
997
12347
15049
11576
11693
8957
13441
2635
7817
4564
11632
7709
11203
3239
7999
2580
15519
14990
10645
4133
6749
9350
4867
474
13282
1953
205
7275
9378
10698
4588
11019
11135
2439
3428
9147
12759
5797
14817
595
12875
9639
12971
10920
1440
4438
13977
7621
6242
1676
10464
10493
7222
6695
13216
8982
11944
11774
387
4979
6990
8601
4316
9612
12718
11529
2541
2545
5080
2504
439
8678
10996
14294
13761
8258
6289
9957
3961
5577
5301
4108
6249
3760
9066
1682
10632
5527
7285
4784
10277
14763
15035
10280
3224
12732
10618
14352
13264
2933
7976
13742
14081
9834
12274
15399
13570
12489
6840
3438
11545
365
96
8335
15
15333
15001
12575
11429
11700
4371
3277
2879
1527
4465
7509
8454
4866
6750
7469
9507
8901
13468
2900
5095
12666
12217
4845
4863
7950
14984
6775
15466
13164
14119
15183
3116
7951
4381
14216
7264
3920
15439
14976
6274
6306
14525
3711
2728
12641
10093
15343
6850
8478
8974
12674
13222
3045
10115
749
10833
3612
8707
15173
9352
1100
1350
3646
10240
1438
8747
6135
15279
15125
1515
4771
15378
11946
1830
4407
8302
1218
4990
4023
7456
4137
3783
4200
12259
6752
1504
9114
12622
14810
8920
10443
5876
7000
12672
14300
652
10841
7752
3893
6291
13929
4019
11627
1788
12632
5160
3773
366
7260
13295
3130
8434
5432
14411
13822
9908
2550
2626
7036
7280
7546
2785
10931
6077
10092
15016
7365
6457
11288
4073
1534
11162
7644
7345
6525
3755
59
2508
6881
4140
3858
6079
2708
13068
15338
9483
1170
12017
3022
1223
4429
7490
14866
7796
100
11690
13280
1866
13854
4294
7865
6424
15153
5942
6277
2852
6758
11706
8116
4401
7132
995
6287
1390
9939
963
18
11359
1822
12550
10068
8118
13516
11692
3006
1880
5450
5478
15433
8452
11753
15271
15604
7114
13487
2856
13903
14840
12234
4018
1420
7344
5901
1236
11470
2134
3229
11302
14847
284
6945
7465
7576
8673
13708
15553
3333
4253
10708
8771
10572
7807
5314
11630
12237
13802
9713
7613
11441
15362
14723
902
1042
12108
4088
14834
1507
10834
14347
11979
12862
4797
8996
12660
11920
9940
4484
9655
9379
9245
4982
388
9786
3272
6568
12801
12089
12149
10212
11874
83
6367
4868
13098
13953
12917
8385
11120
13218
2692
11542
10248
2148
5174
4586
1179
5340
4567
7173
14358
3775
8433
12034
8741
8330
13532
14535
5259
615
4322
11803
15471
11564
14123
13512
1407
13052
12340
12504
2612
9813
3401
5403
12227
658
15402
7641
14879
13358
11362
4616
900
11797
6492
9383
101
7076
1115
90
7846
5582
13605
4457
14487
1009
9230
2000
5418
13766
4225
11094
2276
2330
12626
13847
5317
2440
937
14289
533
58
10206
11776
345
1466
2475
1243
4659
9784
9213
6365
14146
7726
6770
9381
3980
13596
15255
2926
1680
8798
13573
6902
7548
13932
15093
14401
5702
11341
5545
415
3271
6688
5065
8510
4679
2959
1348
8812
8208
3110
10879
2497
15538
12096
14459
4008
1786
591
14676
3190
1978
12490
5601
8261
2318
3555
11483
2773
461
9850
12383
7586
3242
1780
171
3258
9406
4783
13364
8316
13655
6892
4400
2377
5926
13458
479
5085
5817
4102
12189
6234
10333
8411
10392
14038
14674
8383
3997
9687
7116
5420
8304
11821
12425
8827
4506
15565
14198
15451
11111
750
12785
7597
15385
9763
10726
11648
11511
13684
8633
11002
6830
2860
5822
7404
969
5660
14414
6619
13475
1563
9428
12830
10745
7902
14969
6209
5355
4293
2995
1720
9544
4828
4518
10580
12478
11272
6123
9034
5902
10024
2925
10473
3703
1625
4896
13001
14134
8171
625
10432
14833
9893
9382
1252
7343
7416
3278
13290
15634
2149
12172
13141
8410
2583
11171
2684
2630
11933
5888
14365
3882
6693
12493
3408
272
4495
6642
973
15316
4672
10695
4164
7895
5400
6035
13716
15327
3491
7510
4217
11421
12503
14533
10403
2068
14213
7684
2919
2838
8110
14905
4061
12609
656
15005
4179
14066
12364
2863
10752
2951
9046
1092
8247
14228
12601
12430
6521
9199
9226
1101
4516
267
9710
3917
11224
1821
604
1752
1974
6198
13055
4883
3607
15115
10202
14994
14839
4055
12221
15348
516
10772
525
9643
5689
15171
14462
7738
8039
3649
8276
4276
12372
8161
11373
11574
8388
10020
15448
7712
3260
10490
13237
379
12706
8841
11475
11911
93
11957
7916
10672
12712
14756
15601
10928
2523
3300
5263
10340
1925
5390
2251
11233
8735
12878
4433
4185
4569
4028
5578
13151
4919
482
15231
119
9169
13732
10169
15398
10150
7268
9458
7293
10397
8897
14207
161
4519
3105
4998
9843
6551
3014
15459
371
13303
11138
7366
11884
12631
2450
5907
11235
6849
1758
4435
3446
11201
11210
10402
10564
14904
1960
12099
3557
7534
15397
6067
13024
10419
921
14394
14258
1791
13233
13884
10946
6700
4314
4454
8993
8173
8851
8870
14349
8976
10945
3090
14242
11180
1395
9149
9341
2572
8187
11453
9943
6018
11052
4046
7032
10435
5687
11062
1085
6518
8458
5376
10196
15377
6309
9819
5552
3226
13728
11037
3164
2268
665
12485
2731
14757
12797
5557
7543
12831
6971
5337
11552
1480
7537
15291
11926
13172
15367
4838
2723
3159
5151
12850
26
12898
15621
1508
8290
1602
636
4439
2389
4079
5200
4819
12023
3958
6264
13602
9474
12268
3831
12356
4228
5627
8089
15432
1691
15405
3151
11912
1905
7595
4677
15517
7765
3049
7733
2049
4517
6237
13365
7315
8159
14215
11702
6379
4749
1192
10088
2488
1320
13661
1374
5304
15157
2305
3496
8740
10035
12272
2954
2482
15373
8813
14686
5903
12605
244
12269
14042
4507
77
3284
3712
12561
1810
1802
992
11245
12865
14069
13726
307
732
1479
4712
1524
3832
9200
5414
3052
9467
3573
5714
11948
12595
15306
4877
10374
9104
13997
8320
1730
10184
789
3290
12039
2674
2691
10066
14161
6707
13015
5075
10160
14511
12028
406
2654
8197
276
3960
212
3421
10027
9179
7223
14985
4779
8530
6653
5453
15018
8937
8819
2065
4446
11386
15274
10903
6991
10285
11539
12735
12977
9051
10862
13117
173
1641
251
1679
11868
14391
5920
11951
3196
2266
8024
1465
8573
15504
550
6433
1963
1670
160
3104
10359
837
4332
7446
14353
8444
913
1201
10384
7075
7503
5396
4378
1762
7364
725
6933
9681
14182
2603
4415
10450
3574
8028
15605
7755
14509
4310
9942
3311
14222
1266
804
15177
9148
5708
1688
2809
11422
2180
7992
5158
5000
11780
14131
11266
5576
5496
12222
13943
10915
4453
7357
1047
70
2119
5806
2682
7145
4753
7045
13889
4000
11909
6858
6817
4265
13823
13378
8591
6434
11318
12050
4898
15521
1307
9815
9542
13976
11836
1888
15437
13902
12164
9910
13434
12858
1401
13626
15013
4512
3589
5813
6174
10157
5682
12374
10479
14234
14835
5763
2279
4807
5555
1510
3616
13383
12844
10969
14875
3310
8084
6686
3765
7471
6392
10976
9690
8929
7478
6724
15450
1826
12300
402
3375
5609
10864
14958
1709
14199
4870
8144
2679
4043
13252
3821
5534
15387
12664
2669
9275
3781
848
7244
11633
8135
11200
9567
10929
9802
12324
14196
1919
2453
4611
13022
1930
8826
3610
144
5837
10577
6614
886
9805
11451
5778
13665
3134
8816
9979
15462
7148
8021
6094
2428
10275
5925
3759
10306
8547
13059
10046
7901
14340
4040
12290
7948
6381
13839
9787
7151
9516
7531
7472
12427
14282
14098
9826
14129
11521
1284
6462
13023
2795
403
9017
15074
11634
13278
8969
14057
12152
7956
13562
10717
10099
15033
653
4995
7003
1353
760
48
9927
11832
7111
4662
5086
6119
4839
5467
12483
15227
1897
14782
13850
12484
5140
1864
2360
1225
11838
6792
7192
7168
6046
1728
5735
2859
943
6377
9421
8127
7226
9576
6489
3576
12711
780
13736
15158
6121
1619
6431
12226
14838
9722
4552
2060
330
5038
9360
13948
11847
10614
12062
12923
920
4579
7699
7316
7715
1576
202
14036
12212
13548
11490
1932
377
12123
9228
14299
3126
10554
15390
11982
2765
7600
13158
4106
10937
5377
12092
14328
6388
15006
8540
6663
4509
11118
10484
15199
14169
10897
8662
127
12654
8866
2448
2874
2492
9493
5218
1171
9202
8727
13525
9898
14053
12832
4480
6473
11964
3883
2816
15424
2090
10503
13053
613
8711
15361
8723
6220
2465
10346
14517
2120
2319
6512
2109
8766
8206
7067
2983
12734
12746
4761
5960
14369
9001
9660
6134
3999
8874
13066
15457
14449
11661
6626
15026
5928
12970
8241
9014
15142
8598
10851
2662
5182
5258
2462
3957
304
10594
5993
14113
4952
15353
3884
782
12771
3430
4594
1010
4658
9504
9154
9499
9696
14333
12327
15524
6064
11147
8179
13426
8097
11207
2479
7210
15454
13005
13369
12117
2402
2350
10171
6060
14112
3553
8087
2063
4389
6118
12273
10242
5828
4847
5919
5867
7025
5424
1499
8354
11143
13813
210
6031
10763
2150
8758
14699
10849
11517
14344
4549
5098
9173
6133
9079
1997
7918
2815
13421
9155
10365
574
8552
13334
7596
9152
11894
11865
11390
13439
4120
14474
2742
9901
14784
12462
1894
11541
4197
5243
6033
7848
10712
14505
830
11046
11165
7961
9033
11861
6040
124
12101
15217
5932
3857
14491
14458
2212
5997
11773
12202
14159
4082
3863
8096
14914
1145
2340
9271
1895
10675
260
1525
903
10
1197
4216
7866
13855
3552
2076
11454
10820
7687
3124
3854
6001
12309
1725
3279
11686
15612
12994
4781
7372
8854
7859
1809
13763
698
8140
6421
13810
14841
12741
12522
4132
6301
4428
39
8567
2055
14424
544
12790
12793
2105
9255
12653
14691
11361
13595
13824
7782
5680
10352
12804
8119
2221
5955
7914
6510
3911
14566
999
15465
8829
15629
149
9627
11437
711
10943
6757
7645
12511
9397
2201
12215
9006
3904
15354
12213
14750
3051
14090
10175
12236
6517
10119
14601
8020
3926
8850
786
9970
12684
7991
2532
12260
14308
9303
15478
13489
9398
11621
9295
13987
11246
13039
908
11745
6957
8352
2136
15487
7792
11544
8011
9849
4765
9967
7381
8473
218
6472
1084
10177
6659
11389
5451
8656
9377
12322
10072
15200
13323
2233
10906
6919
11805
12744
10728
6099
6139
7071
7516
7698
2555
10214
7768
6258
1779
939
7331
3219
4422
15569
9695
2917
4041
2262
12747
2502
2882
11144
9664
7952
4943
4174
318
1114
3836
6983
13193
2197
7122
5971
666
11346
6471
5841
13747
10362
10679
11056
11631
5787
6640
15078
8581
10308
4827
6430
5486
600
4663
3246
3160
10213
8282
13643
10112
13329
12717
4398
1798
2132
2609
9753
631
6056
10957
10330
1455
11613
5833
12339
9513
2473
9891
2822
6829
7369
2735
3299
701
928
9794
11554
2493
4048
12521
14218
12163
3662
10702
6737
13327
1038
12525
5505
13307
2850
14441
9771
8697
3025
15011
4874
5214
6719
9976
2144
5480
15140
11934
1335
946
12318
8988
5523
5511
7643
15079
9779
1785
15633
5433
9122
12467
11412
11463
9172
9922
4777
8195
9409
5281
2758
15324
3661
12125
11610
4736
14886
11533
9267
8292
11790
7375
4256
1298
3619
1622
11298
6101
15602
2689
10257
12188
9906
6415
762
13688
1647
1430
10603
3249
4987
411
7423
9025
9859
8682
5445
4532
1842
13451
6618
14445
10961
9693
1654
14174
4554
11498
6801
2526
10336
13669
15475
8810
1165
5367
8756
12330
5966
8002
10031
11195
11691
4177
3936
7979
8363
288
5196
12376
3077
7745
14104
5948
11025
14267
10997
12814
2836
8648
11557
2122
10179
14576
3385
8572
277
4596
10075
8775
3918
8706
15068
4582
10541
5559
14262
12606
12001
4619
1807
13549
12650
15253
6160
1739
7321
13925
4920
2170
7183
14570
10313
1132
5136
6047
10907
3471
8239
3291
10370
7722
9175
10343
2667
5758
10908
10172
14730
3095
7274
2131
7666
9166
14980
7380
11551
11059
1359
7860
6702
5998
10733
4416
12463
31
13498
14971
12668
15244
14250
1722
3532
5155
11418
13331
11701
12055
2798
1182
11008
15555
13225
3778
9518
12070
2085
12838
4403
3872
3369
4295
9666
1152
15350
12209
13372
11379
12624
1336
12229
3101
14006
1019
7342
6566
10146
8687
4047
1158
15351
7996
14190
1449
4461
6783
9063
7144
15139
6276
13227
4361
3656
14309
1750
4908
3054
6338
12523
12323
6500
3206
9515
5615
2066
761
10655
8436
10857
5285
9838
10867
13047
13226
2192
561
3560
2062
7609
7237
6954
14967
11074
1343
1544
7561
5972
4964
11804
13671
12901
890
6930
2135
3525
1512
2456
10830
460
6877
1238
5127
10326
446
4012
7563
12871
14463
12150
7405
10516
2924
5083
7935
10188
9366
4311
14609
3321
2177
9086
3458
5246
15234
14832
4887
11371
3818
11963
13374
12031
6459
5967
14310
6455
3007
4301
15609
2929
2361
2575
3286
13049
978
5652
10947
12500
5026
14080
12602
11771
3000
11802
12679
11041
6116
12473
7707
383
4776
3647
6113
1254
7010
14176
11360
14421
7513
6978
285
4875
3138
15128
14680
3614
8831
714
1714
8964
3368
4036
9720
13623
15482
6927
9203
8564
9961
6771
7769
620
8449
4089
1601
551
1098
1954
3132
10970
1483
9364
4691
15124
11315
382
2374
8743
13749
11179
3702
849
15285
6166
14360
1699
1767
13706
10159
5073
9725
15415
6766
9682
6130
14888
7651
1840
13069
3191
2601
8524
5284
6894
1741
8528
12416
8938
7120
14185
103
14326
2641
13289
5139
10687
2559
5177
15178
7253
14893
5194
503
2204
13808
13460
8246
7052
6982
6395
8902
10238
4575
195
12843
5906
3067
2920
13409
10258
217
11481
11873
3906
9210
7296
7286
6229
915
9824
11375
5644
1277
7544
10669
7749
8683
492
6742
9358
9851
12161
326
8299
12388
1459
607
15308
9833
8691
13955
5756
10070
2335
1447
7033
6632
2824
12344
12981
8348
8714
11034
8571
13545
9579
13241
2783
559
392
12509
1384
11567
3577
12724
12333
12866
15530
9692
14125
6798
10430
1448
8704
11494
14475
11479
7333
825
2413
10022
1669
12646
4612
10737
10597
498
6573
14559
298
10527
2035
2459
417
9854
12582
7520
1661
10635
11439
8130
8069
11108
14276
660
1651
11399
13197
8830
10770
8881
3152
14613
4072
15594
105
5649
576
7635
15297
4614
3204
1425
8607
731
10697
8570
7571
13718
1760
12038
3810
15098
82
7482
2175
13228
15449
2914
14366
3959
13430
10166
422
2010
5117
14861
10059
644
12869
8811
8074
12377
13019
12663
8077
4198
11213
1387
1570
12444
10469
7889
4258
15540
14247
14698
4470
10758
3855
1573
11028
8445
10268
3089
10720
9707
10861
12773
6995
13454
6071
9452
9526
14874
440
14212
5635
5012
1118
7417
7447
3281
108
10290
5812
7089
8932
14315
3307
2660
9373
10916
6561
7113
1219
4570
12614
11549
5733
1107
10036
1391
10018
12440
10448
13679
1942
7112
14077
10471
6399
10995
3155
7695
11427
3585
10476
6546
12784
6409
5234
3516
12460
9626
4254
2870
12516
6865
8519
6098
9396
12968
4288
449
7325
11616
12403
1264
3170
6646
13083
2587
10079
209
13125
1790
11543
5215
1703
1323
10839
7408
6565
13128
5279
7064
2095
7881
467
8595
6505
11159
9914
6366
4906
4649
12729
9792
599
7884
13256
13277
11917
13782
1078
8266
7861
13102
6677
15394
11728
10814
11801
15283
6711
12030
15099
14751
14160
7371
11320
13730
9717
9375
10989
9181
11335
5975
5976
6574
10853
7692
6509
7827
4456
5845
5344
10666
11329
13267
8486
2642
1279
8025
736
13345
4957
4522
5662
2889
3267
13446
11436
3705
12361
1539
2118
12183
11732
758
9150
2412
10816
4791
5094
4260
9276
15020
11319
233
1417
3788
2092
7224
10105
4668
11459
2270
9363
4928
6107
1173
9339
4607
6080
5944
753
1843
11466
3635
10005
1984
3184
799
12113
281
10126
14001
1187
9076
10582
11261
2871
7650
10845
3276
7852
8010
6918
14012
9975
2558
14719
9503
6193
7261
4610
5298
15610
14652
359
5611
5232
13790
13780
7575
8983
13887
266
9376
1002
1778
10329
9326
11536
2461
11153
11532
957
3617
12539
3495
6880
8461
2293
10071
302
11660
2805
2269
12635
14144
7882
5010
9983
2712
13269
3978
4125
13357
6863
4754
690
7341
2557
4353
9759
8227
12991
6727
11326
967
4168
5126
7963
12761
4992
9323
15281
5821
5725
458
14079
10785
1251
15032
2258
11040
11237
10108
5753
8391
1052
14625
15083
3392
14779
12594
9106
15339
11491
2156
9785
7676
864
3064
5831
8693
15181
5560
3133
2444
9569
5880
7518
10539
5938
7923
9425
1939
5162
1540
14966
7863
8884
12306
3674
10860
12254
7522
11727
11338
3742
11347
13919
2088
14304
1411
9346
9424
2846
11765
13895
3645
8107
7208
1883
3452
6496
6398
1621
2391
11875
2810
12667
13703
166
9380
3919
343
12926
9965
7135
5595
13077
7332
8045
13099
8440
3411
15264
7379
5674
14632
14679
4933
6197
7118
11299
12422
6822
7326
11381
5951
4252
15307
5743
1213
2129
5977
8565
3366
2762
14931
529
6128
7754
4853
6910
962
8448
8483
14695
7178
6108
3413
3526
13603
11307
15526
11831
3172
11755
10828
568
2154
8787
4968
2041
1855
4780
9732
11101
8521
9858
1214
9916
13108
855
15435
9281
6922
8716
14248
4642
5846
15213
15107
8885
14494
9337
5703
9697
526
10347
12799
11260
12956
11136
12958
923
13356
12551
9362
9758
4080
4376
12627
11782
8186
11282
437
3004
15535
1638
11348
6155
6939
12918
12011
13682
7340
5129
3688
3600
9137
5681
4735
8980
15087
3380
11720
11793
11664
1345
5436
11013
14551
13177
13513
14115
8351
10723
5253
8395
11942
4425
10142
2640
10913
2291
11559
719
5796
4696
9412
7541
11501
7102
3093
4387
4167
1199
9374
2336
8847
253
9729
4602
6361
7987
15046
493
5022
11594
9812
12468
3739
10204
2471
3541
13431
4204
8708
1613
556
2988
10421
10819
7282
9456
4078
13614
9694
15509
13366
14263
8731
13200
4806
2505
15364
3940
6537
15497
7573
11953
1777
14776
5350
14135
10514
15544
13351
2537
9734
13337
6975
10424
7347
2390
2839
4788
12199
974
8150
11377
4303
1745
7637
9146
685
15371
15635
15388
13849
7751
9011
5970
3409
13583
13861
13343
1817
6678
1228
9262
6109
7773
15406
1533
9880
6712
14000
7216
10051
5449
3066
2096
2784
13880
6208
7878
5291
7975
7570
560
3145
11743
3549
9524
4364
8267
6625
2190
11445
3338
9345
7789
2726
3072
7424
14649
7953
13097
10342
6396
9096
3358
10314
6321
1369
1931
11391
7795
1766
9998
7803
10483
669
1756
11679
13041
3728
10501
12009
11199
13493
5790
504
11563
3308
8534
14500
950
12313
9177
6760
13203
5517
9531
12738
12966
1611
11410
12059
960
3235
2079
7873
7896
10736
7903
4880
7107
7791
4471
2619
1751
2835
1956
3448
413
10201
11277
4237
7602
8170
9097
13367
10914
5143
654
14417
1813
4210
14059
2325
12088
10098
194
5847
3393
12750
8611
8769
2668
15421
360
11707
10028
11665
4292
14238
4423
9981
15100
8377
4689
282
1034
8940
10900
5231
5809
798
373
4983
3856
13615
12177
5484
10784
2576
3731
6057
10316
9321
11264
5233
349
3687
8046
10542
14396
14809
12647
5544
4424
11928
2110
5241
8855
7974
8751
13285
10918
9077
12018
2535
10043
7804
1041
5958
5783
9890
11595
5072
7623
5413
13174
11656
15431
10808
2685
8048
4618
4071
826
11741
3685
13243
5255
14694
5002
1035
15193
1032
1603
507
10495
4531
2625
15053
3658
9021
9723
5996
2928
3211
4655
1823
15477
7607
1221
6761
11833
11104
1456
10756
8846
14579
8418
3744
912
5193
36
10390
4305
12103
12135
12847
3629
7550
14137
662
8959
13456
10225
9485
1400
12079
6913
4710
2932
11286
4377
7227
2730
10779
1089
10950
9139
10732
11460
3167
11812
8971
13355
1380
795
4534
5774
5425
13127
8930
7185
3897
14165
617
8658
4695
10254
9457
5973
3853
14928
10545
14405
6131
7855
4927
4440
1349
4503
4206
13752
4213
2353
15500
13748
3061
4975
1414
8346
8174
15458
6343
801
2791
13701
15485
14587
1594
2987
3374
2345
7986
632
6148
1378
1863
14902
5276
2533
146
6254
3554
5297
12689
9680
4087
5894
13
14745
3568
757
14026
3724
2016
8746
638
5379
7934
6848
6898
3315
11837
9244
12662
9082
10558
8459
2807
2379
15236
7081
8026
6232
12195
12569
2306
10335
11993
1567
15147
11974
15123
3263
6465
11618
12688
7009
6464
2352
13387
8189
13026
6857
13029
10589
14290
6838
11762
15241
2808
10628
5225
11394
1935
13330
11352
10535
4025
5346
11798
289
4112
9797
10935
2205
14497
9635
6243
1020
3354
14560
9389
8191
9632
269
4835
348
7284
9495
7438
1743
14878
8022
12502
2741
10334
11684
5236
1099
12855
11259
609
4434
1230
9648
5504
2222
11952
4138
5165
10094
12007
13115
3370
15066
14913
12375
12518
4667
3550
1985
9407
6013
10509
5628
6968
13417
13700
3122
15051
11087
7930
8781
10870
12010
7093
12224
5726
610
3243
14596
14428
14273
10375
2073
6378
2498
982
4312
13214
9885
14543
13860
15044
2774
1327
7158
6044
4096
8393
1070
13769
4321
1310
4049
6042
6506
2542
6592
11204
13168
3181
1195
5015
13147
15436
12760
1113
1304
14450
1229
8733
6672
13427
15129
8423
2097
401
2017
15326
9165
3776
14513
14446
1849
3498
13392
6897
4411
5047
4214
2720
11756
9617
3218
12678
6906
6281
4541
10163
189
2817
9454
8863
6692
10775
14138
265
9730
5916
1410
11182
13333
1705
1044
1718
9185
9140
7276
7256
1529
13852
9249
275
9846
9102
3811
6333
13908
1105
2849
15172
3367
15202
12395
11304
9868
163
4011
10245
15235
6869
2891
9742
6493
5909
12941
8584
8596
2308
9088
7021
7426
2043
7671
200
1672
10843
4432
11398
13338
14869
14950
6916
4913
14722
4523
9755
5237
4224
11760
12064
6934
10960
514
15329
8709
9829
8515
8720
15357
10571
14502
15507
10696
8432
4804
14761
2937
8908
1370
9973
3394
15396
11971
74
8438
30
12200
12124
128
12848
12694
9772
7569
6549
8023
971
11294
5678
2628
13508
2509
8543
12178
14726
8327
1632
6909
11497
3232
4939
5990
2405
8817
13885
15428
13505
14781
13395
13668
14982
4128
15441
11718
10134
10408
14790
1667
8873
8705
1753
2314
15410
7403
11883
9651
846
6423
6066
12443
3425
11816
6403
6743
1265
1517
12555
6105
11278
4893
3475
7944
11374
11305
14060
4285
12298
6890
3264
11998
7091
8935
9529
4478
7981
10977
3966
13557
11678
1868
11303
4917
14277
1043
8638
11997
7721
13739
3461
3355
14063
8804
10084
10795
14048
14270
3040
1452
9278
8680
3536
12780
15031
2193
11945
15603
9881
2288
10842
8899
5780
14197
12455
2115
4925
572
8669
1295
11513
4803
4764
5642
15571
12316
3777
134
1569
139
2403
2538
9607
3107
10835
11560
4799
5713
13758
66
8744
9236
5583
2887
10890
442
3792
5736
8016
13092
2972
11217
2058
15070
13882
12820
15527
6350
3682
1710
3223
3412
7068
14264
11825
370
15562
12250
12392
13234
13966
9257
9640
4536
14383
5779
3020
6679
8129
1157
3141
12310
10963
8585
3569
10124
2108
12515
6165
2278
5446
15317
5849
2821
9161
15057
13586
9290
892
2187
4823
4553
4793
3604
10701
261
6992
4218
8509
10978
735
1363
3506
10578
3447
13517
12121
2984
12979
9662
5587
8695
165
13346
14175
6200
12909
4077
8561
4130
6751
1467
5437
5614
9894
13137
15228
15493
10822
7409
13611
3969
6027
11871
8317
5717
10325
2410
4562
3852
15137
10540
11112
1337
12558
839
13492
2393
6020
3163
4574
2833
5024
12840
10385
9039
8061
5825
10174
2024
1610
8523
11878
1896
4247
14311
14740
8253
4592
1215
9330
6839
12129
5330
11624
2670
6562
5482
15135
7413
7265
8381
6063
11205
6049
5020
7354
9163
10844
363
13920
97
13724
8308
9084
13848
1729
6708
2844
1053
5956
11158
11189
14373
6217
2235
5112
8621
12476
15086
4660
3221
5729
55
3313
15523
14702
956
10563
15304
6996
11423
14736
7398
3500
8212
12959
14392
10616
8123
197
4290
14337
1867
8464
11548
11214
1962
6524
4647
563
9292
2957
1255
4916
7492
1909
2384
1445
4566
11252
4739
4680
12828
11380
6294
8288
861
1259
13680
4740
9889
6560
6824
44
2528
4003
8497
15145
2851
1003
1618
328
1949
4770
8333
12458
4209
14728
15223
12414
11713
12301
9971
3791
5180
3115
4577
6530
14295
5320
14816
6440
1882
9101
14571
3669
11350
12342
336
14206
7618
10895
12181
386
9395
13985
9591
10208
12104
3533
15230
1054
8376
1964
13541
13640
2907
5963
3088
2847
10681
1293
8032
4135
5548
8925
7770
10993
11049
10039
6791
13945
12842
12258
2524
14972
12040
12888
4317
8972
7234
9207
7633
3787
11477
2155
7945
6224
9798
13012
2621
664
1080
3988
10062
3609
910
1861
4820
9182
8056
15355
344
4758
3171
428
1235
13910
11855
11789
8965
4926
14350
12238
10704
1948
13353
11848
5704
13900
8178
5131
13544
5176
6895
10363
11004
2399
10944
4626
14952
13384
12920
12336
10348
8180
2358
6763
4748
358
8271
3407
3633
207
14052
12025
15143
1916
8111
12910
196
7894
3419
15260
10377
5863
12147
5288
4076
11882
13473
7547
2018
15076
4630
4246
7353
606
13310
3578
6691
12524
14825
7194
8923
8374
4849
9157
15263
9473
15631
11546
13582
2164
4524
1194
3528
8340
4035
7505
4375
14274
3598
3439
15251
14470
11639
2966
13690
11044
10738
14942
7218
7172
6935
11860
15429
1415
1181
11140
7524
14324
8548
3323
7931
1726
11435
8468
9540
6964
14927
2202
9601
13371
11662
10139
13738
12737
6211
4122
959
14939
8871
10444
14620
1543
7678
3251
5405
4817
4940
12656
12014
6999
15299
2968
7746
10771
6112
10575
5791
250
9510
1639
7137
6948
273
424
13924
9749
13715
15042
823
14992
9735
2938
10271
1394
5750
14876
6818
4954
1713
3161
2128
2939
5079
11619
8310
12046
12081
13399
13488
5631
12405
7527
12947
12508
13587
15566
14329
14122
4280
412
11881
8231
6940
7634
7559
14099
8527
13794
6728
15559
7598
456
9744
106
13247
13263
845
293
12131
8262
5727
14083
12175
10727
13133
4269
9158
3714
14093
15072
13825
6842
6278
10599
11783
7727
7374
6187
6256
3106
6980
1494
11657
567
612
12091
9316
5747
6146
5767
1772
184
12686
14642
1313
3824
7862
15067
12133
5563
10371
2710
8840
13145
8306
13078
12948
111
219
280
9388
14019
4107
2346
7714
8225
6949
14788
2960
3129
5203
4001
10083
11317
410
10660
4726
3422
4855
8879
6192
9496
147
11071
1774
13585
199
13415
14819
10013
611
3972
2236
7763
1966
11420
8868
9909
9130
2183
3511
9134
15368
14221
5874
12808
12162
15463
11255
63
10065
81
15002
6387
15272
2699
5803
2854
15468
335
10381
15416
12893
7965
9773
13797
5866
10552
483
473
8280
9897
7781
15486
13628
11123
5421
14961
13407
8396
8627
4313
14171
4119
744
5153
14374
3118
13054
4393
14070
5639
9726
13007
14556
7557
12765
8703
4207
2093
7167
4226
13974
375
9839
3091
7794
4924
9477
15573
8081
3909
5408
9892
9512
13837
14025
8117
7869
13009
2218
7742
4671
11109
9887
1943
4528
10113
6714
11925
2812
9300
6069
4533
7129
13154
6357
2761
9715
13577
13858
15017
10778
13574
2813
824
14170
15065
12603
6074
11965
5892
3665
13405
12308
4494
7029
3414
2056
5503
4993
2829
7542
1021
9926
7810
5785
9030
4743
10716
24
12235
11032
5613
10790
7445
5394
6981
2910
7616
12642
9566
47
1819
3717
12168
6417
8912
10131
2385
10930
2686
772
3376
2383
13992
4369
8631
4654
14046
10487
6451
12480
3053
9471
3450
11573
13830
2323
5217
10358
9634
32
10091
4059
10568
435
13030
6322
7197
2311
2409
3213
5303
10009
14884
11689
12134
4123
4550
15280
6759
2320
14600
5074
429
14028
12379
597
1921
5365
10653
12767
7346
14933
10361
1938
8600
246
11608
12908
14595
4153
10659
3199
12517
6370
6000
13875
12703
14357
5501
15150
9248
6732
2341
5483
10637
9453
4289
9327
11623
3582
1522
5055
4812
2841
6698
1274
9355
8160
12382
15470
13291
9712
11734
1360
8114
11216
6303
7897
6703
15314
13445
2556
3331
2317
7370
8224
3786
1412
873
1119
7747
13890
3690
7350
12251
9204
14766
11133
6635
6887
7299
8251
14163
2916
9472
6734
2764
1128
12880
3713
12348
6527
4687
11151
986
2753
1655
2229
9587
3740
14918
11973
15175
15430
13418
6219
8263
11683
14617
7263
13542
10942
14243
14548
2893
7725
8644
1686
9370
10210
4255
15318
14685
13757
10149
7954
5699
10007
12115
12265
13764
12764
7990
8888
1055
2645
2226
9405
10270
6819
10485
9463
14826
7209
11584
7839
13828
6474
3143
15588
11020
3010
10806
8210
13496
8928
3923
9506
12286
12243
6685
10611
13101
8322
2705
14519
12739
9966
14546
2632
9900
5104
6676
2427
8594
3016
1958
15337
885
4508
6723
1305
7262
13983
2454
1342
13043
8355
13727
11893
7784
2768
6804
11069
13785
5737
3989
1695
6354
4245
7640
11428
84
5146
11215
5119
8065
11449
659
10215
14128
2554
3340
15082
4686
8890
1746
10404
14963
13359
15024
14422
11406
2370
14791
12353
7043
2754
4134
11505
2151
12454
14804
15334
12872
15370
257
3080
5745
14457
1069
8259
390
9269
1212
12710
12037
1193
4860
10394
11970
11799
1574
3059
6284
8800
573
1065
471
13535
243
987
6342
1117
1275
6265
3567
8
13509
10504
7390
2569
10625
4266
4235
5784
14335
4462
4171
11792
15126
1875
9781
7910
10783
3998
14384
6122
1413
4192
12126
2985
7567
7664
15516
1912
10500
14703
6929
6204
14872
1292
1747
10417
4846
6201
1329
5629
1835
6263
13694
10060
14436
6972
6280
6538
13300
5048
13754
7697
7875
8072
4193
12766
7854
2867
13450
11888
2814
11986
14540
6961
15106
1250
589
10576
10581
8699
9985
4150
919
2793
9120
5062
579
2624
11353
450
8490
12196
5801
14412
3768
3327
15004
7890
8754
11500
9761
10602
11366
11227
11507
4115
3756
12255
4822
7054
8917
8485
9365
5025
8298
14970
12899
9403
5240
3695
491
14594
12890
14275
5476
2566
11622
15204
12257
4563
11081
3473
12373
225
14320
9993
3812
4858
2656
768
2007
8674
4335
6671
2169
979
11677
5630
1889
12065
3070
5623
7947
4816
6051
8945
10811
10787
4263
14319
3517
3099
12669
8457
3737
7124
4706
1968
546
5927
2441
8311
4405
8684
5653
7675
3544
13230
1242
12611
5648
14239
7780
10667
7821
7632
2780
4985
6461
966
4319
12715
6526
10481
10153
2400
13515
9556
14287
5526
11462
15427
8296
15192
2280
8442
5854
13636
4716
6450
3590
6556
14067
2652
9480
12806
12174
9842
5457
3360
12902
14655
14755
13886
7690
2965
12169
14460
5356
11538
10676
11580
9565
1706
13270
11889
6756
13469
5858
7964
14550
13616
5115
12412
9061
13479
683
14983
6120
11758
14110
14646
10921
2714
13970
4208
234
2588
9089
11991
9384
5051
8332
6413
1649
3798
12673
14301
9551
9020
14962
3508
12974
14372
5536
2289
4039
11220
14514
1836
5487
1518
4840
2738
4912
12214
4186
5148
5590
2200
6002
15058
7985
3319
3780
12148
137
7822
9751
13470
10767
3292
6420
13239
3698
9239
9876
9509
12965
1481
590
8455
9561
7867
12640
6715
13082
7389
11919
2476
6624
15045
13865
3485
3453
8287
4270
5862
9332
15069
13821
8555
11132
6358
13110
14746
2211
11254
3994
11682
12434
6205
10912
6966
5663
5661
9265
14536
5621
14341
11956
3954
11234
7428
3158
7382
4283
11897
15085
8341
5221
7610
5506
8997
4196
6327
14219
2271
3
11597
6181
6172
3587
13646
5352
10818
9174
1577
7128
12208
3597
2253
10829
1082
13199
3974
13937
15116
13500
15289
5168
2519
12045
14857
11105
5248
14678
6590
4136
8496
3359
8602
6406
1167
143
12770
10250
3501
11775
11487
6039
12670
6570
4873
7393
14538
14634
3813
8321
9811
5393
5542
10057
5871
3700
14545
4101
4837
11295
9413
3767
552
10926
9002
433
9109
5113
5980
342
8809
934
2239
11077
11822
5106
11990
286
9703
661
13514
2950
15581
13440
7639
10123
3807
2126
2567
14544
13805
14
12114
2560
14943
7972
5537
4118
1016
1721
1832
10646
2061
13260
9482
12471
2455
854
569
10703
8508
15111
13524
838
8786
11070
4384
8324
8479
13342
4789
4499
15012
14444
11411
9644
4459
6875
7418
13938
8188
14180
2173
11191
13654
6169
1110
15446
5294
12053
6352
694
9665
14818
5326
5707
7732
15136
2299
1333
15583
2963
12928
4328
1580
7943
13070
10019
9092
8425
188
585
4935
14018
10626
10466
183
5765
7297
13776
3599
13862
6907
7361
9521
9969
10156
10338
712
1914
7711
12127
12778
6140
9582
3175
4359
7464
5568
5254
8761
6111
7940
5262
968
1637
8666
12699
5470
9238
9807
11376
8242
9825
6048
13995
10096
1058
11340
5930
12334
12999
11739
10107
2775
9791
7252
14562
6986
14622
15222
5184
2719
15088
15246
9622
7718
6162
6994
13641
1775
3343
12879
3449
11122
5749
5077
14578
10570
3995
13826
6998
5229
5313
354
11711
4999
11571
4832
13114
7066
8104
10252
5283
3499
10707
5603
14626
7885
11431
391
2315
512
9494
13917
2901
12986
9297
7188
13210
2763
4944
9930
1614
15549
12740
15576
4091
9915
6936
12100
7887
14162
13111
10262
12906
11722
12349
8739
1205
9895
7900
394
14230
9026
11626
2255
7241
3873
1151
7079
6041
2706
528
7658
9209
4824
3185
6267
7219
12824
8093
8876
3215
5166
4722
1433
7328
14501
1918
11330
1687
6942
14442
14715
4390
14528
9222
8264
506
12019
6090
14409
1409
2527
9192
12988
2376
5252
7565
6720
12725
9795
10304
2782
11927
12610
6696
3275
2857
13297
470
6207
6729
648
3227
1704
6859
11857
8973
14853
6447
9215
7115
4447
3638
11446
12904
10854
6315
6124
8808
933
12278
8392
14815
10044
7246
13162
1141
2602
3837
8063
13905
9684
13118
7360
13142
9031
10295
2581
12643
12877
13139
9313
8099
6170
6266
4015
15374
13432
7330
12218
33
2709
10593
7857
7787
148
2038
1982
1542
4826
2562
1789
5832
12798
891
12542
1090
2067
0
13622
239
4267
8558
10423
3121
6088
2294
1048
11211
1188
2952
9783
8184
5477
12146
5861
2843
2876
3595
5216
11719
12796
12424
8832
2162
14325
6564
9072
9263
13691
5551
10436
3466
4315
208
5111
4034
1608
5852
10883
8489
10190
12357
12132
11670
4561
12071
14774
8807
14107
5339
13410
12047
1571
9562
5730
8566
13856
14845
5769
1920
7139
12876
708
4024
2430
8728
11827
2927
11985
8204
7213
9855
11116
7215
13221
9491
5554
1965
7169
12566
3729
1505
11992
1761
9903
4972
12513
7481
14885
4296
6292
13912
8569
14542
5492
11600
1890
5381
5776
12066
8724
12810
3891
6308
11355
16
4670
15520
2059
4166
12731
12658
7696
12533
1557
2272
12337
10499
7802
5732
1376
11142
3236
14924
10809
5802
14900
1005
7008
378
784
4448
14644
151
13578
7300
3074
3735
7238
13344
2767
11493
6008
6503
6925
14608
3365
15176
5891
14297
4599
10048
593
6847
11027
7086
4648
2153
10332
7717
4886
15245
10990
2677
400
12900
713
10287
581
5690
5772
3603
13893
11
5673
10161
3388
9972
7917
11080
2451
5097
11192
4159
2103
7195
10461
3328
14375
6436
15384
1545
11872
10122
10186
11079
2958
6270
11901
4279
1583
1924
9861
4744
13599
12271
2367
13306
4831
12448
11959
13287
10774
3225
4956
4277
1732
14843
14201
14607
14770
2491
5311
10491
10923
12849
1040
8105
2375
7506
2877
1318
12692
3180
6129
346
9817
13768
6997
8236
7735
8659
190
10372
7825
6467
1139
14588
3631
7798
5183
2586
3529
4615
11895
14844
3222
2820
10971
14870
4857
14490
15480
13170
6656
11772
5855
9479
9268
2371
4623
7816
12618
3455
4030
5411
13753
2349
11395
6979
4009
4264
2737
11119
14614
8055
13717
13921
13867
500
12792
4341
10457
14433
7960
10395
7880
13608
4347
185
857
4058
6189
11558
9059
1306
2970
12223
13613
7212
8536
8900
5650
9814
5637
8085
11565
3542
7443
9990
1636
11506
10324
1352
6920
8256
12752
3628
9546
4678
12005
1109
7397
1981
2116
8484
6257
11438
1663
12936
14011
747
8643
3591
12989
5434
12791
12788
10263
14690
1175
1526
10467
13208
1096
15276
4243
9882
13429
1768
8429
8008
13065
15328
15028
11301
11404
2287
15288
5032
13666
14371
7082
1668
10478
1314
737
9074
15300
8095
312
12578
7047
15511
4307
10103
8967
6718
14438
5202
3148
14935
12029
15063
9568
14227
6552
10585
7202
5528
14448
4960
9460
7921
4782
3387
12280
14413
1226
1354
131
1692
2331
3372
14361
729
5078
12352
10761
1045
10892
8337
6052
10294
14813
12944
13648
9347
2946
9103
10431
12868
14343
14217
6065
5488
9995
4323
12985
700
11321
9585
7939
14683
12299
14932
2267
10642
3701
4578
5512
11694
11280
5950
3001
454
14953
541
7485
7147
8951
10337
12856
2457
8686
3400
8501
9631
2740
331
14312
3362
9434
14633
634
5571
11599
15146
7294
13676
10456
14117
7298
13721
13085
2878
3086
7906
12772
12789
8342
6394
1541
1300
11228
6604
7549
6214
2837
6951
9183
15215
8165
10985
7206
10591
1312
1862
6884
7042
11145
12583
56
8043
13569
4848
7818
15622
5905
4948
3771
3748
6873
13484
2909
2022
12275
4909
10388
12531
8131
5334
4299
12671
5885
5204
14785
13536
15503
898
14948
3572
10147
416
565
8156
8038
12020
11403
1286
14410
4086
476
13988
5286
3241
10251
3967
4802
14265
649
4955
13368
11983
9251
6855
8551
5943
5508
13620
6252
270
10735
3723
4187
5805
12219
2585
10291
6874
1838
8698
14892
7189
8315
6163
9953
3859
7737
14851
6536
4450
2522
14531
11073
7470
3801
5357
10203
7254
14167
2534
14331
6273
2918
779
8368
2563
5694
4961
12242
6400
8300
8882
5705
2906
2356
2803
12598
2651
7772
13750
12782
12802
4274
1344
7077
3265
1977
12579
10173
10522
12180
12075
9023
9156
11124
6411
3719
14917
129
14382
15166
1231
7638
419
3870
3382
4145
9212
4942
9048
12835
10219
9288
1341
11443
3973
5321
2297
8883
14636
3128
3166
3627
12891
12072
7566
8789
9736
1399
11862
5594
1983
4590
7435
7290
5580
14143
911
10244
4099
675
9335
7002
14495
15335
8465
438
11823
5100
14055
5850
299
10992
11748
8036
7187
6717
14172
1435
7057
6633
1083
2051
356
12466
11714
10396
8657
4606
6989
12537
14873
12839
8120
8248
7605
584
3722
3201
8909
14915
1579
12506
6405
7988
12358
4466
6156
12441
9065
4772
5464
12758
13404
6279
7840
9790
1589
9433
10344
14671
6452
9535
8763
14364
9478
2422
14705
5498
13663
12279
2111
4741
13422
9
8685
1074
4162
10197
12098
14498
5345
1431
3157
4583
9497
12211
6269
5156
6862
6665
4408
1754
4878
8915
3784
7467
11988
14573
12276
15156
12995
8137
15154
10320
3373
10823
2865
10654
4666
12812
6735
4505
6501
13775
635
12155
759
14558
4641
6731
14327
15492
399
9415
2607
5625
14272
8185
5351
13119
10521
6481
3977
4798
4688
4644
3406
3869
1806
4601
11455
14582
1142
8792
3534
2597
11223
1884
4991
7207
6085
2265
248
4114
2241
7487
11606
11747
7495
7836
1770
505
14780
5485
5336
10452
11699
13529
726
2145
12585
11795
9789
13414
2310
2206
5826
8082
1491
14936
9285
14806
11751
2922
14472
5256
13594
743
3113
5991
13140
15302
9110
1332
580
3316
8488
11106
1001
1168
13060
12102
12296
8213
14743
3593
1140
11503
14465
11902
1592
5579
12527
2273
10486
10804
7545
1073
5921
14145
15180
4815
5564
4042
14106
14322
14737
1664
223
8319
13511
1075
813
2094
4358
6253
6177
8017
3357
751
5946
10323
15578
3456
7087
9505
2881
12378
1468
13576
3675
4699
7095
14259
13989
15502
14692
11035
9994
10588
6871
13081
2499
9657
12393
14087
4268
1820
8987
733
12987
6543
5923
14800
2160
3546
2648
6885
11263
10191
4530
10364
14130
3100
13911
14510
6690
6312
2468
6533
15473
7162
9286
14386
15081
10984
9573
1362
14281
13657
1302
564
754
13522
6494
13074
2991
6878
1553
5872
5896
3762
4057
5163
6522
14336
2009
13375
2627
3031
15381
14658
15243
14368
11938
10187
4899
10510
15132
14618
3934
12207
5493
1291
1487
3055
3057
9578
8715
6828
14855
10463
3632
12498
11770
14211
13090
12355
6826
8312
893
14455
5123
2301
827
4431
14660
1546
3962
8014
10433
8027
41
14209
4355
15586
3847
3694
12546
3174
6683
11826
9261
14390
14168
5532
6226
722
12283
301
1644
4016
594
1315
8031
13124
12013
9988
10919
9580
3804
12628
5206
5066
14118
3085
10768
6488
12230
2687
10236
1389
5646
4194
8370
10076
11170
2614
5036
765
15188
61
1763
3943
2342
14288
9874
9073
2300
11129
3531
2259
13559
9190
15369
13388
6615
2117
6993
1091
4142
13526
11368
1650
15563
9599
2769
6427
1923
1138
10967
132
5658
12510
9774
13990
7959
8113
9176
9464
7259
1162
15498
1439
14993
8560
6221
3096
13258
15591
4984
3351
2935
781
1485
7933
13063
8770
10470
11561
14592
9198
10683
2196
11416
2598
6710
6215
4645
637
10449
13538
15403
12452
11644
15165
3483
9741
15420
11709
1154
2543
5760
11014
11530
2099
3402
8057
5034
14416
6328
6868
2316
5670
14903
14407
14717
5179
11005
3794
7473
3356
10283
13804
6235
655
8313
14868
5016
6
11514
12371
2978
2416
5456
9606
13698
7670
874
14575
13084
6572
9218
12972
15625
3580
621
6944
12109
4165
8858
7462
8650
4774
12934
7016
319
3521
4338
2568
5397
3120
11457
8349
7777
1244
11146
10817
3457
9598
806
14147
5360
981
9932
6012
14910
6393
14418
10418
7681
6386
13591
12049
9040
4675
4161
5794
5860
6275
10398
2460
2631
6203
15056
6891
2053
5936
9246
5715
14704
12698
14667
15426
8462
14317
6497
51
13013
11413
5886
4070
11638
5761
5807
12825
5588
2443
8785
5952
11290
3938
6647
11525
14200
1432
11088
4786
10922
10411
4060
9280
2884
14912
2263
14612
13818
8358
3460
5677
2086
2657
3470
8701
11744
10050
10601
6800
7012
10902
10137
8284
842
5994
13642
10143
4449
6432
2650
8797
9354
14481
1030
65
14425
7177
12044
11458
9572
6748
13056
1027
7617
15252
4215
13711
14082
9484
8076
4959
4045
14074
14208
11086
2610
14071
4098
452
1365
6835
3364
1975
10994
8404
14981
11750
12548
7797
15401
1615
7589
7245
14298
9141
13096
436
3561
6821
3770
9945
3979
9752
3678
5823
14549
8597
868
608
10598
5004
13491
4785
5617
3816
10033
13533
11617
7083
12151
9977
15484
14929
15141
13963
14124
1308
11556
7625
7942
14765
14075
7743
12749
11325
14673
1198
8768
5212
12069
3035
475
13942
6864
6325
15395
4297
7706
14477
15030
407
3024
10910
2830
6272
14223
7504
10129
15525
1631
14255
11478
7552
362
12859
465
2344
6382
11844
9806
6600
13136
8419
3280
11975
11995
6943
4558
6736
5247
5322
7305
5840
7174
4892
4537
3168
6553
5522
9584
12142
7568
6876
12400
9241
1443
870
15258
15539
9284
5878
10414
6988
12630
8586
7027
7724
15570
6588
472
7171
3012
10600
9466
9307
8162
3558
5525
9216
15113
7656
14483
5602
6283
14955
6364
337
11385
10757
5167
6444
14808
3613
7689
11308
4930
12867
6837
6180
2351
9659
10565
11248
5700
3259
13792
13274
5358
10794
9618
11520
1870
12975
10412
1828
8862
630
8067
14512
7377
5150
12599
12716
2394
303
7199
10445
889
12769
13801
432
11654
8146
12957
7680
13553
598
6390
8285
14898
2167
1675
14233
12648
1282
13705
12016
4800
10439
856
7368
12709
9508
8121
5606
10040
13934
4681
6733
5063
11036
4885
2467
4017
3482
571
14602
11150
4211
4485
3564
3519
7499
11791
6805
1087
9083
4950
305
10118
10349
10008
2184
13058
8994
6068
9279
10656
444
15064
10158
5463
627
13922
5755
13946
7926
4350
1865
3796
15034
10975
14157
7783
14871
12402
5843
6661
13325
12757
15084
5497
11471
7431
12130
1388
14901
5416
4869
13531
11637
5941
8511
4327
1869
6575
840
9677
1929
527
4850
673
8301
181
7198
6454
5173
5152
192
13332
9256
9963
7703
6073
2159
12370
11845
11231
13832
5895
12410
308
12596
12834
4521
3622
324
2472
11060
10265
13962
1988
13520
998
13621
11043
12915
5021
7062
1366
6231
13674
11958
12281
1103
11090
13464
7468
1402
11196
64
1461
4232
1707
10548
872
4291
142
7646
14801
4436
322
15611
6883
14778
10259
12439
3198
12675
4543
13634
5135
5773
4864
10502
5046
13079
7295
6329
13238
14597
13863
15627
8688
2787
13939
7272
9911
2770
13067
6005
14241
2930
11023
14013
1436
6425
13478
6648
9770
13266
2052
4728
931
5228
42
841
3463
8132
11148
2275
2446
11981
1428
4934
7448
1950
4386
6084
1247
976
7421
3021
14088
6541
12845
8539
7874
1528
8314
3282
9780
14429
3114
1979
12895
7281
8268
12916
12391
2530
10887
5474
7558
14030
14670
8513
372
14035
954
12288
2381
7932
8450
12700
5634
13896
11611
5987
4420
10559
13857
15513
12203
3073
4033
9273
9799
4737
983
10441
1134
1565
12241
8532
9629
14712
15533
12586
4989
15162
1971
11075
14479
7652
15025
7519
8904
9888
5316
575
10529
7221
6179
9090
15296
1833
5124
5399
13565
10200
7832
8649
13276
6532
6623
6441
9299
11066
9642
13510
6359
7560
451
10085
13993
6143
10973
1792
14859
5612
11830
852
3875
13324
11733
9324
9619
7014
9309
8040
4973
914
5323
8626
11698
4513
4051
877
5385
1773
8209
13003
720
15265
3540
4994
4830
1012
4757
7967
534
4814
11285
5366
7119
9050
393
204
3907
11188
53
8222
8153
2244
2042
8960
4066
8975
3785
5897
3903
11268
6963
9003
9581
13173
2869
3829
15607
8820
3082
14251
10974
10680
14132
7249
13292
1904
13770
13089
3237
13453
5443
14805
4333
11605
739
11904
15456
12768
12931
8229
12996
12404
904
1652
12677
228
6591
5835
14078
5392
11172
11473
13194
5759
13413
421
4124
6072
3231
11190
5468
2592
5447
2223
3539
3177
1457
95
11949
3929
15331
15400
7502
3512
6601
5406
9511
11372
13961
5710
3297
4683
5567
9057
7312
9863
14656
8579
8487
5538
14268
15055
12369
14842
14041
14120
12472
1783
1922
4278
11198
8325
10788
414
4638
14889
9549
3431
12428
11672
4947
13633
11846
1590
7809
14141
6245
1169
10934
5068
9465
14701
7085
10299
2681
10205
3507
5452
8053
10207
5224
10832
9047
12763
7888
3876
6716
13840
1693
3169
15284
4148
6271
13025
9055
14362
2028
1000
11941
7521
6324
300
3931
5028
120
1674
8356
1316
9679
2582
15372
5410
12252
6371
4951
7429
15037
6655
14744
8115
14183
952
3324
13057
14064
14385
8375
6495
3441
5657
14530
4065
4818
2406
7515
2333
5261
14482
1748
7319
6744
11409
6151
21
5274
8670
8613
4792
6449
5064
8194
12331
9809
13504
916
7739
6150
15282
9233
7648
25
14437
2072
5718
7476
9194
13841
4723
680
15257
7750
9071
3097
11000
10409
4081
14058
8838
12307
13845
264
2366
2421
10289
9308
12813
2618
1462
7225
6021
15630
5292
15593
1258
924
6558
5213
2953
11555
9426
10438
1801
961
12756
5868
13362
15268
8303
7851
7232
4231
10406
2955
618
1599
4897
13294
4669
8618
6363
13126
235
11757
341
9869
15212
2888
13639
14508
13904
8504
3440
10551
10583
10513
14005
11432
8205
15015
8399
5535
10235
15319
3671
5090
9709
2005
13248
12486
11516
11343
10454
6827
6959
11669
13798
3063
1397
5171
2242
12061
9574
11474
1755
14975
12528
7387
13302
6026
3389
10678
9608
11157
8610
14946
11896
2246
14659
11279
11230
7439
9788
8805
9982
1967
12963
11841
15380
3119
3971
4742
592
10185
12935
1874
8620
2368
13534
14731
12456
9852
431
7525
9167
5105
14989
10590
9270
11316
603
12247
8047
6974
5949
7993
14954
1122
5964
2637
7554
8791
14451
602
6199
7799
5698
263
9545
12937
6059
15481
13590
12363
2551
3684
13051
13714
13838
3774
13319
6900
8493
2264
12291
13253
12
14999
4325
14616
8003
12540
5810
5120
7306
3334
14314
3426
1994
4539
5045
9907
5668
12921
906
8277
6782
4154
7170
14938
5222
1095
2036
2386
11186
8154
2864
8018
6513
2751
14590
1156
12249
2228
15561
13144
247
14787
9737
15164
5226
12564
2757
2905
8343
2964
3615
14249
6126
8646
3046
1130
13191
11083
10162
3667
5908
13034
6102
9650
10821
6030
6649
361
12811
98
3592
8696
15543
8799
12068
12852
14856
2098
11324
7734
9220
1475
13954
12736
11365
8582
14565
9133
7349
9645
6191
4095
2796
7351
4141
11334
4773
7231
4627
2378
5370
10387
10518
14711
14065
10064
14648
1357
13254
10227
2084
5383
4600
6227
8614
13109
4053
13086
14837
8133
14398
6946
6889
628
1678
6373
13645
7155
11940
1296
9522
15159
10719
2666
6244
9201
901
9264
5995
10312
8545
5353
6833
3965
2565
9931
1196
4221
7908
2802
4110
11796
4189
4067
7708
2074
3802
9117
828
9274
9451
13040
12033
6977
5458
1294
9654
8721
12090
7376
6687
259
11218
57
5188
3208
4195
10742
10955
13941
9298
3834
2429
7436
477
8924
8962
1600
12474
14572
14192
6062
11820
3951
9778
14534
8199
9777
8148
4306
770
3036
8126
10959
22
7140
2931
14964
1077
3349
10633
7034
5003
3803
5223
4007
9306
13073
8608
14921
6823
2715
10988
8958
11903
2776
10110
14896
1624
7538
1961
5409
71
11099
1133
4861
2945
4374
6161
2832
3417
14363
9533
10081
4656
3797
7061
803
2283
9124
2290
6870
12581
9135
14269
14504
2426
9439
6100
13211
6216
4510
6223
3504
4013
9539
1660
6813
13975
15626
11328
12408
287
5514
13403
15249
10791
8764
8966
7584
11863
12969
7912
7871
11130
8853
12649
12270
11349
11504
5070
10296
14313
14489
13787
8066
3932
91
10671
820
8978
213
881
14734
7493
7672
13166
5491
7450
9387
8297
10657
15134
2736
8482
15038
14890
7606
623
3889
7771
12961
8911
10077
2286
12534
11128
10135
8286
1596
8588
12354
940
8629
11819
7180
13771
3294
14406
10734
6853
5619
2298
1106
14635
12990
11496
9067
14467
13927
1326
4808
13311
12082
7184
663
577
6485
7334
8456
8557
9747
1827
1877
6261
6482
176
13251
10014
14105
11212
4002
1071
11485
2091
3195
10355
7287
545
5386
3715
8535
5219
4147
13601
10297
5676
2100
7059
4064
487
10647
9740
14877
12608
14246
7533
12423
8632
6969
12687
1207
12297
9445
10002
15073
8183
11269
2646
9757
640
2357
2480
9319
15495
5412
6520
8641
8550
9069
10964
6490
6448
14379
14031
14689
10894
6173
6240
5910
4175
4905
13046
125
5515
10856
3677
7841
3136
4941
1876
8956
12779
10239
3648
220
4907
8821
869
4176
2363
10415
9371
3790
15104
12381
11651
10090
10267
462
1681
141
15267
8886
2514
4349
2104
2025
1645
11761
12495
5593
8635
13428
14693
6019
7269
5428
14713
11447
14997
12398
1825
6722
8447
13659
3772
13340
8963
9534
9098
14934
12078
11076
4544
463
6960
14466
14339
3761
7989
14627
8647
4250
9206
6985
2949
8367
9718
14682
8717
7811
12112
6196
12556
6776
9449
15259
4444
2303
8944
10652
14503
13463
9095
7679
9087
2704
3247
8181
8667
14795
10773
15572
7667
14220
2996
990
2401
11480
9344
8037
11602
1422
4529
6741
3108
11209
3013
3769
12924
15469
13978
4251
14303
7176
1917
13231
3009
8228
396
15008
6845
4580
258
6544
4769
4894
14151
6947
1094
791
50
8921
6410
9178
4490
10434
10029
14988
5622
14348
10220
697
2611
7775
3586
10718
5844
3391
5159
9091
12557
3403
11175
681
8796
9459
1793
5875
10538
3985
13308
15096
441
671
6385
9461
1612
5227
9872
12166
5473
8427
2956
9921
4452
15094
3008
15010
8152
1566
4365
11095
2219
405
7080
8136
445
11943
1
13293
15287
4901
15174
6011
1220
254
13273
7657
11229
1146
8514
1927
11724
10662
10877
13457
4020
12652
6755
769
3655
5739
12590
7271
7786
155
2595
5659
3953
9145
1536
5059
7433
10279
15160
201
5620
11238
1102
5584
11710
11562
3301
2332
6487
116
5056
5361
13793
1297
13105
5851
11226
3146
10405
13279
12394
2373
13296
7660
4787
2733
7491
7337
4721
9678
13874
14772
14920
11476
2322
11169
1172
10941
7911
7454
7823
13275
6023
543
3464
12691
14007
8142
158
9630
9427
783
15505
7958
2573
5957
12182
11806
14897
8665
12743
10730
9188
12665
14399
12702
1980
1203
466
7313
3490
10534
9864
14827
8064
14706
5305
5547
4146
4345
12051
15417
6540
179
3094
2101
13443
7309
380
4921
4062
2232
6024
9968
5341
796
14657
9112
13883
1653
13050
11972
3435
9924
8353
7362
6050
13138
4472
468
1856
9962
5879
12572
14140
9936
4329
4715
9422
364
3048
3672
11746
3405
4113
2792
169
14768
4239
221
1860
3736
5986
9947
9592
14156
11367
14662
7427
8500
3030
3353
2078
728
8006
13878
8878
1056
14351
6083
10743
10480
15541
6241
14803
4794
4242
12634
8221
10025
1851
10428
8255
3325
9949
13722
6347
10664
8634
4746
14381
4005
5363
9486
11962
14039
1324
9765
12616
14461
13635
469
2976
4094
2638
2423
7719
4953
7877
7767
4056
15149
13271
14108
14040
1970
6104
876
1857
12411
13637
4318
1373
1159
1969
12264
7973
587
13957
6806
9214
1697
6834
15460
4608
14684
11011
3252
1587
13772
10305
3244
10802
7466
1050
3952
718
1593
11737
13093
13872
4156
10087
13964
12530
12535
6667
10181
13656
6644
2257
3234
11675
5093
15491
4038
6106
13667
13304
2989
89
9334
13363
1839
5706
5310
8158
15108
10331
2396
8642
9361
15352
3078
8235
4751
11415
10233
2432
695
3462
14520
8843
3846
6778
14965
494
5586
9448
13326
12159
10121
15103
4050
15489
2688
515
34
6428
237
11510
9247
9289
13095
13320
2915
8041
605
7039
4836
7924
7302
11977
7700
14821
667
10649
9716
2302
11867
2644
819
746
6319
6630
10488
12823
8013
15386
9847
7440
7539
1847
12563
3764
1184
15052
7352
11870
15408
897
4396
4890
10766
12085
511
13398
3443
15014
8859
2506
11939
7094
7163
7585
4895
9205
10130
6786
12418
10831
13152
10893
2825
7853
13033
13873
6334
8689
8553
11688
8603
8955
9760
8218
4971
10781
4700
6931
6670
7386
87
7929
2998
2727
13686
10746
11585
11854
2759
3465
2908
6087
5319
4525
9865
12774
12026
11467
11807
2256
10965
12573
14204
5808
152
7969
12239
15560
930
8606
8664
5684
1224
949
646
13017
15325
14473
14044
1257
14377
4842
4589
532
3427
4635
347
10622
12158
5691
13379
14858
10082
6567
8196
4259
6769
7983
14017
4427
14084
14231
6154
9118
14062
12819
14568
668
9329
2487
1482
12912
1097
13373
13354
9224
13195
867
9537
14179
2260
2247
10722
15121
730
4300
9012
11813
5257
5665
4708
2191
4075
11635
3606
1063
7957
5134
15419
9162
8889
14307
9559
7850
15476
11206
12693
1794
4379
741
3253
1210
2549
6316
9641
8364
6938
1490
11742
15336
1677
15266
4488
8502
11522
10141
13940
4493
11577
6579
13242
9430
555
9296
3254
317
2536
11955
4286
10754
12317
13313
11068
3779
1776
15616
226
3399
3795
14423
12494
8748
4451
12329
7612
13891
8583
6132
12794
5945
4383
2395
4640
1735
7713
6360
7220
14009
4974
5053
10749
94
6469
5500
12084
14049
1991
12205
4631
9918
6456
4173
4904
9668
9487
8470
10269
8970
878
1166
15238
4054
6480
6888
3618
2195
14393
1690
4685
7058
4026
15434
6167
13198
9775
5820
5600
15232
12192
15568
3575
5238
1288
8398
7356
9530
4709
5985
10047
8371
4762
6418
9043
2029
5435
696
12993
6183
3571
2883
3732
11296
909
3754
3179
905
10825
314
12639
9999
3878
2354
13184
3588
15151
1717
8491
12707
3144
11667
4131
14191
12615
13062
10152
1137
5887
4922
15022
12570
8198
1740
10526
3963
15452
927
10807
6768
6372
10104
5005
7434
5719
14577
8083
14181
11357
4763
6781
15120
311
13135
14631
14293
5235
9305
2171
7899
5490
6926
7693
2923
2678
5842
1112
13767
8765
4945
3626
9287
11242
4441
7946
15499
7978
262
11113
6523
5999
14741
13459
8615
5454
1382
9950
2112
8926
7740
13322
12074
1498
2729
10882
11370
6195
11448
8895
6149
2990
14004
8382
14047
12080
4903
1131
11961
1591
13455
4248
2486
252
14469
12973
6152
1217
9440
15270
8157
13947
1737
10640
2474
13148
8999
10686
7891
1635
4986
9987
9919
9481
7096
2947
10557
5959
7412
10223
3262
3537
15091
12262
15467
2021
5132
3653
1902
5592
12024
15323
7762
13580
7255
427
13235
38
8640
6675
9404
5471
9808
5626
2054
14586
5441
12685
13644
1503
8942
4144
15216
5859
9691
2608
13181
12294
13994
2515
313
6987
6408
13283
13506
2880
3320
10604
996
13250
5533
12607
12861
10455
1328
150
10489
7048
1149
14589
7984
8875
15312
8522
10410
14727
5543
9704
15186
536
3894
13619
6053
1749
12094
8169
1535
14387
6764
2113
11898
7870
1441
14485
5382
3309
9675
13819
8946
12191
15349
1848
10519
12951
13347
2435
3238
14380
4556
14574
9196
548
8471
1551
5118
13835
12889
7756
7339
7138
15262
12187
6147
2295
11131
7847
8864
15411
8094
14916
2417
14824
6932
5087
11966
13261
678
7540
8360
6320
7088
10608
13632
14615
3817
2329
1486
1702
11031
9038
12447
15239
2285
8407
12184
13631
10777
3654
13737
112
2734
12429
12350
12165
8168
8274
3404
11444
11918
4914
1160
13436
6580
12576
5
495
6584
7915
9291
5984
7157
14378
11388
6351
13497
15242
1280
3203
1646
10303
12457
15322
7230
10744
1155
1605
11815
15218
9115
14402
6138
4632
8426
10106
816
13100
5917
7402
14899
6583
138
15250
5697
14639
11472
14708
10561
9217
9498
9719
11042
3670
9840
15506
12984
214
4385
8441
17
7065
14235
13561
6746
8998
3147
13552
13176
7744
11102
12488
15584
12435
15311
13806
3518
13021
6589
8984
7653
15557
6251
5472
9661
6550
7160
3673
11908
4100
15161
508
8443
1496
7720
5088
10369
5792
4703
6914
10182
1738
6745
10508
12914
15112
12144
7105
6402
323
5251
11526
3910
7955
13207
14014
10389
4006
2661
756
3050
3608
13710
5616
2292
6348
13189
3173
7037
368
10282
13980
3289
1245
9552
12863
9636
5827
7150
4468
5128
7437
5540
2252
7117
7977
5210
11642
7051
2495
1072
12786
7925
3379
14486
1872
11164
6362
15577
7820
6577
1375
1696
3623
3887
430
6657
3474
5130
11886
13196
522
14739
12638
14021
11251
1936
3899
7938
2281
9187
13220
11607
12492
6664
12742
9229
13719
5546
6137
2828
14434
7406
9447
5324
9159
13543
3745
5556
12942
4502
14908
15356
10357
12536
13120
822
7442
2158
1470
3418
6832
12604
8149
8795
11906
1538
8101
9637
7785
8408
14619
13704
14720
12246
14650
13316
7006
1733
12841
13740
583
2388
1453
2243
6017
14748
8138
4127
11064
8172
11550
3663
10319
13223
4489
3429
5006
7483
5591
10871
2577
1289
3718
2369
2540
3928
10650
3925
6296
11777
4538
11407
5686
7133
12206
5007
8167
8517
12751
12295
9282
11620
1144
9604
10948
6468
5519
6323
8905
4576
3611
15226
14034
814
13038
13696
9828
5327
13827
14054
8068
5489
8844
4851
11907
9702
6307
5531
3139
2082
13336
12681
5731
6973
12552
880
4540
3696
7303
1268
10089
12593
7400
11322
123
1471
11336
2999
10468
917
3240
9528
11685
13915
5208
9782
8004
3200
8953
5029
8628
6507
13104
1241
15551
11583
10165
2790
4923
13286
1474
2469
12897
10799
3668
457
3650
1554
4463
6950
11452
6397
14150
2307
7536
8175
14306
4752
14604
4302
8842
329
12244
1685
10311
5242
